#Arecibo Legacy Fast ALFA Survey
#http://egg.astro.cornell.edu/alfalfa/
#ASCII Table format
# 
#Telescope:      Arecibo Radio Telescope
#Instrument:     Arecibo Radio Telescope
#Beam size:      3.5x3.8 [arcminutes]
#Object:         AGC 214330
#RA:             172.72400  (J2000) decimal degrees
#DEC:            4.5374918  (J2000) decimal degrees
#Rest Frequency: 1.4204058e+09 [Hz]
#Bandwidth:      24.975586 [MHz]
#Channels:       1024
#Other name:     
#Detection Code:    1
#Data archive at http://arecibo.tc.cornell.edu/hiarchive/alfalfa/
#File generated by G. Hallenbeck  Thu Jul  8 16:04:16 2010
#This spectrum has been baseline subtracted.
#Table FORMAT:  (f8.1,1x,f12.6,1x,f10.4,1x,f10.4)
# 
#Column descriptions:
# 1. Heliocentric velocity [km/s]
# 2. Radio frequency [MHz]
# 3. Flux Density [mJy]
# 4. Subtracted polynomial baseline fit
# 
####################################################################
# 
  7956.8  1383.681637    -0.4809     1.3736
  7951.3  1383.706051    -0.4369     1.3259
  7945.9  1383.730465    -1.1740     1.2789
  7940.5  1383.754879    -1.8505     1.2328
  7935.0  1383.779293    -0.5807     1.1874
  7929.6  1383.803707     0.4420     1.1427
  7924.2  1383.828122    -0.0335     1.0989
  7918.7  1383.852536     0.7935     1.0557
  7913.3  1383.876950     1.5470     1.0134
  7907.9  1383.901364    -0.3274     0.9717
  7902.5  1383.925778    -1.9099     0.9308
  7897.0  1383.950192    -1.9924     0.8906
  7891.6  1383.974606    -3.1755     0.8510
  7886.2  1383.999020    -1.2515     0.8122
  7880.8  1384.023434     3.4906     0.7741
  7875.3  1384.047848     3.0271     0.7367
  7869.9  1384.072262     0.8294     0.6999
  7864.5  1384.096676     0.9607     0.6638
  7859.0  1384.121090     0.4728     0.6284
  7853.6  1384.145504     0.6368     0.5936
  7848.2  1384.169918     0.8452     0.5595
  7842.8  1384.194332    -1.5476     0.5260
  7837.3  1384.218747    -2.0850     0.4932
  7831.9  1384.243161     1.6613     0.4609
  7826.5  1384.267575     4.2477     0.4293
  7821.1  1384.291989     3.4752     0.3983
  7815.6  1384.316403     2.2746     0.3679
  7810.2  1384.340817     1.4901     0.3381
  7804.8  1384.365231     1.2389     0.3089
  7799.4  1384.389645     1.3730     0.2803
  7793.9  1384.414059     1.7164     0.2522
  7788.5  1384.438473     4.0551     0.2248
  7783.1  1384.462887     3.9190     0.1978
  7777.7  1384.487301    -1.2082     0.1715
  7772.2  1384.511715    -1.9686     0.1457
  7766.8  1384.536129     0.9678     0.1204
  7761.4  1384.560543    -1.5814     0.0957
  7756.0  1384.584957    -4.7723     0.0714
  7750.6  1384.609372    -3.9535     0.0478
  7745.1  1384.633786    -2.2844     0.0246
  7739.7  1384.658200    -0.6510     0.0019
  7734.3  1384.682614    -0.0561    -0.0202
  7728.9  1384.707028     0.0635    -0.0419
  7723.4  1384.731442     0.3831    -0.0631
  7718.0  1384.755856     1.7230    -0.0838
  7712.6  1384.780270     2.5698    -0.1040
  7707.2  1384.804684     0.8065    -0.1237
  7701.8  1384.829098     1.1475    -0.1430
  7696.3  1384.853512     1.2772    -0.1618
  7690.9  1384.877926    -2.2292    -0.1801
  7685.5  1384.902340    -3.4115    -0.1980
  7680.1  1384.926754    -1.3552    -0.2155
  7674.7  1384.951168     0.5808    -0.2325
  7669.2  1384.975582     1.6705    -0.2491
  7663.8  1384.999997     1.7811    -0.2653
  7658.4  1385.024411     1.1938    -0.2810
  7653.0  1385.048825    -0.6644    -0.2964
  7647.6  1385.073239    -1.6227    -0.3113
  7642.1  1385.097653     0.8369    -0.3258
  7636.7  1385.122067     2.9266    -0.3400
  7631.3  1385.146481     1.1020    -0.3537
  7625.9  1385.170895    -1.8515    -0.3670
  7620.5  1385.195309    -2.9149    -0.3800
  7615.0  1385.219723    -0.9869    -0.3926
  7609.6  1385.244137     1.2890    -0.4048
  7604.2  1385.268551    -0.9136    -0.4167
  7598.8  1385.292965    -3.7037    -0.4282
  7593.4  1385.317379    -4.0361    -0.4393
  7588.0  1385.341793    -2.9666    -0.4501
  7582.5  1385.366207    -1.7587    -0.4605
  7577.1  1385.390622    -0.3821    -0.4706
  7571.7  1385.415036     3.4544    -0.4804
  7566.3  1385.439450     4.3214    -0.4899
  7560.9  1385.463864    -0.3278    -0.4990
  7555.5  1385.488278    -2.4367    -0.5078
  7550.0  1385.512692    -2.4541    -0.5162
  7544.6  1385.537106    -1.6183    -0.5244
  7539.2  1385.561520     1.6183    -0.5323
  7533.8  1385.585934     1.8689    -0.5398
  7528.4  1385.610348     1.4719    -0.5471
  7523.0  1385.634762     0.8848    -0.5541
  7517.6  1385.659176    -1.6781    -0.5608
  7512.1  1385.683590    -1.8548    -0.5672
  7506.7  1385.708004    -1.5220    -0.5733
  7501.3  1385.732418    -0.7701    -0.5791
  7495.9  1385.756832    -1.8393    -0.5847
  7490.5  1385.781247    -3.1229    -0.5900
  7485.1  1385.805661    -1.4399    -0.5951
  7479.7  1385.830075    -1.4288    -0.5999
  7474.2  1385.854489    -0.7746    -0.6044
  7468.8  1385.878903     0.6715    -0.6087
  7463.4  1385.903317    -1.9239    -0.6128
  7458.0  1385.927731    -3.1777    -0.6166
  7452.6  1385.952145    -0.3249    -0.6202
  7447.2  1385.976559     0.2531    -0.6235
  7441.8  1386.000973     0.1361    -0.6266
  7436.4  1386.025387     0.9182    -0.6295
  7430.9  1386.049801    -0.3838    -0.6322
  7425.5  1386.074215     0.2973    -0.6347
  7420.1  1386.098629     2.6233    -0.6369
  7414.7  1386.123043     1.3628    -0.6390
  7409.3  1386.147457    -1.4503    -0.6408
  7403.9  1386.171872     0.2431    -0.6424
  7398.5  1386.196286     3.8419    -0.6439
  7393.1  1386.220700     2.1044    -0.6451
  7387.7  1386.245114    -0.3083    -0.6462
  7382.2  1386.269528     0.6067    -0.6470
  7376.8  1386.293942    -0.5256    -0.6477
  7371.4  1386.318356    -1.4849    -0.6482
  7366.0  1386.342770    -0.2018    -0.6485
  7360.6  1386.367184     0.2584    -0.6487
  7355.2  1386.391598     0.1114    -0.6487
  7349.8  1386.416012    -0.9516    -0.6485
  7344.4  1386.440426    -1.1792    -0.6482
  7339.0  1386.464840    -0.4062    -0.6477
  7333.6  1386.489254    -1.6381    -0.6470
  7328.2  1386.513668    -0.6247    -0.6462
  7322.8  1386.538082     2.2766    -0.6453
  7317.3  1386.562497     1.7809    -0.6442
  7311.9  1386.586911    -1.3859    -0.6430
  7306.5  1386.611325    -3.2516    -0.6416
  7301.1  1386.635739    -3.0561    -0.6401
  7295.7  1386.660153    -1.4877    -0.6384
  7290.3  1386.684567    -0.0450    -0.6366
  7284.9  1386.708981    -0.2421    -0.6347
  7279.5  1386.733395    -0.0346    -0.6327
  7274.1  1386.757809     0.4627    -0.6306
  7268.7  1386.782223    -0.3768    -0.6283
  7263.3  1386.806637    -0.8749    -0.6259
  7257.9  1386.831051    -0.4063    -0.6234
  7252.5  1386.855465    -0.8511    -0.6208
  7247.1  1386.879879     0.7198    -0.6181
  7241.7  1386.904293     2.2286    -0.6153
  7236.3  1386.928707    -0.1122    -0.6124
  7230.8  1386.953122    -2.0919    -0.6094
  7225.4  1386.977536    -1.8757    -0.6063
  7220.0  1387.001950    -0.1247    -0.6031
  7214.6  1387.026364     2.8130    -0.5998
  7209.2  1387.050778     4.2972    -0.5964
  7203.8  1387.075192     3.9028    -0.5929
  7198.4  1387.099606     1.2016    -0.5894
  7193.0  1387.124020    -2.3699    -0.5858
  7187.6  1387.148434    -1.5967    -0.5821
  7182.2  1387.172848    -0.1325    -0.5783
  7176.8  1387.197262    -0.5240    -0.5744
  7171.4  1387.221676     0.3699    -0.5705
  7166.0  1387.246090     1.6913    -0.5665
  7160.6  1387.270504     3.1058    -0.5625
  7155.2  1387.294918     1.9288    -0.5583
  7149.8  1387.319332    -0.2591    -0.5542
  7144.4  1387.343747     0.1486    -0.5499
  7139.0  1387.368161     1.9487    -0.5456
  7133.6  1387.392575     2.0774    -0.5413
  7128.2  1387.416989     1.1945    -0.5368
  7122.8  1387.441403     0.4778    -0.5324
  7117.4  1387.465817    -2.7234    -0.5279
  7112.0  1387.490231    -5.2420    -0.5233
  7106.6  1387.514645    -2.4377    -0.5187
  7101.2  1387.539059    -0.9159    -0.5141
  7095.8  1387.563473    -0.5267    -0.5094
  7090.4  1387.587887     1.2156    -0.5047
  7085.0  1387.612301     0.9158    -0.4999
  7079.6  1387.636715    -1.7030    -0.4951
  7074.2  1387.661129    -1.3582    -0.4903
  7068.8  1387.685543     1.4556    -0.4855
  7063.4  1387.709957     2.1398    -0.4806
  7058.0  1387.734372     1.6495    -0.4757
  7052.6  1387.758786     1.1273    -0.4707
  7047.2  1387.783200     0.8769    -0.4658
  7041.8  1387.807614     1.2320    -0.4608
  7036.4  1387.832028     1.6450    -0.4558
  7031.0  1387.856442     2.4828    -0.4508
  7025.6  1387.880856     3.2232    -0.4457
  7020.2  1387.905270     2.3601    -0.4407
  7014.8  1387.929684    -0.3543    -0.4356
  7009.4  1387.954098     0.8656    -0.4305
  7004.0  1387.978512     5.5952    -0.4254
  6998.6  1388.002926     5.9764    -0.4203
  6993.2  1388.027340     2.3697    -0.4152
  6987.8  1388.051754    -0.6375    -0.4101
  6982.4  1388.076168    -0.4027    -0.4050
  6977.1  1388.100582     0.4731    -0.3999
  6971.7  1388.124997    -0.7503    -0.3948
  6966.3  1388.149411    -1.1888    -0.3897
  6960.9  1388.173825    -1.5429    -0.3845
  6955.5  1388.198239    -2.8541    -0.3794
  6950.1  1388.222653    -2.4984    -0.3743
  6944.7  1388.247067    -2.1066    -0.3692
  6939.3  1388.271481    -2.3820    -0.3641
  6933.9  1388.295895    -1.2805    -0.3590
  6928.5  1388.320309    -1.0845    -0.3539
  6923.1  1388.344723    -0.6211    -0.3489
  6917.7  1388.369137    -0.2019    -0.3438
  6912.3  1388.393551    -1.0158    -0.3388
  6906.9  1388.417965    -1.7666    -0.3337
  6901.5  1388.442379    -3.3322    -0.3287
  6896.1  1388.466793    -2.8684    -0.3237
  6890.7  1388.491207    -0.8214    -0.3187
  6885.4  1388.515622    -0.7561    -0.3138
  6880.0  1388.540036     0.0102    -0.3088
  6874.6  1388.564450     1.1728    -0.3039
  6869.2  1388.588864     2.4987    -0.2990
  6863.8  1388.613278     2.9487    -0.2941
  6858.4  1388.637692    -1.1003    -0.2893
  6853.0  1388.662106    -3.2536    -0.2844
  6847.6  1388.686520    -0.6716    -0.2796
  6842.2  1388.710934     0.1205    -0.2748
  6836.8  1388.735348     0.9985    -0.2701
  6831.4  1388.759762     1.3778    -0.2654
  6826.1  1388.784176     0.0725    -0.2607
  6820.7  1388.808590     1.5319    -0.2560
  6815.3  1388.833004     2.8745    -0.2514
  6809.9  1388.857418     1.2656    -0.2468
  6804.5  1388.881832    -0.6564    -0.2422
  6799.1  1388.906247    -1.7699    -0.2377
  6793.7  1388.930661    -2.6462    -0.2332
  6788.3  1388.955075    -1.2857    -0.2287
  6782.9  1388.979489     0.3558    -0.2243
  6777.5  1389.003903    -0.0548    -0.2199
  6772.2  1389.028317     1.1582    -0.2155
  6766.8  1389.052731     2.4525    -0.2112
  6761.4  1389.077145     2.6011    -0.2069
  6756.0  1389.101559     1.0406    -0.2027
  6750.6  1389.125973     0.3043    -0.1985
  6745.2  1389.150387     1.7431    -0.1943
  6739.8  1389.174801     0.6184    -0.1902
  6734.4  1389.199215    -1.1178    -0.1861
  6729.1  1389.223629    -0.3688    -0.1821
  6723.7  1389.248043     1.5440    -0.1781
  6718.3  1389.272457     1.1188    -0.1742
  6712.9  1389.296872     0.9435    -0.1703
  6707.5  1389.321286     1.9199    -0.1664
  6702.1  1389.345700    -0.9683    -0.1626
  6696.7  1389.370114    -2.0087    -0.1588
  6691.4  1389.394528    -1.5152    -0.1551
  6686.0  1389.418942    -1.9239    -0.1514
  6680.6  1389.443356     0.6845    -0.1478
  6675.2  1389.467770     2.6534    -0.1442
  6669.8  1389.492184     0.5047    -0.1407
  6664.4  1389.516598    -0.5042    -0.1372
  6659.0  1389.541012     0.9691    -0.1338
  6653.7  1389.565426     1.0906    -0.1304
  6648.3  1389.589840    -0.4343    -0.1270
  6642.9  1389.614254    -0.5243    -0.1237
  6637.5  1389.638668    -0.1968    -0.1205
  6632.1  1389.663082    -1.2851    -0.1173
  6626.7  1389.687497    -1.2377    -0.1142
  6621.4  1389.711911     1.2392    -0.1111
  6616.0  1389.736325     1.5875    -0.1080
  6610.6  1389.760739    -0.1246    -0.1051
  6605.2  1389.785153    -0.4298    -0.1021
  6599.8  1389.809567    -1.2107    -0.0992
  6594.4  1389.833981    -1.1046    -0.0964
  6589.1  1389.858395     1.8731    -0.0936
  6583.7  1389.882809     2.0803    -0.0909
  6578.3  1389.907223    -1.2392    -0.0882
  6572.9  1389.931637    -1.0343    -0.0856
  6567.5  1389.956051     1.5336    -0.0830
  6562.2  1389.980465     0.8393    -0.0805
  6556.8  1390.004879     0.2972    -0.0781
  6551.4  1390.029293    -0.1789    -0.0757
  6546.0  1390.053707    -1.6124    -0.0733
  6540.6  1390.078122    -1.9906    -0.0710
  6535.3  1390.102536    -2.2951    -0.0688
  6529.9  1390.126950    -2.4285    -0.0666
  6524.5  1390.151364    -1.1985    -0.0644
  6519.1  1390.175778     1.0755    -0.0623
  6513.7  1390.200192     2.5704    -0.0603
  6508.4  1390.224606     0.6771    -0.0583
  6503.0  1390.249020    -1.9443    -0.0564
  6497.6  1390.273434    -1.1786    -0.0545
  6492.2  1390.297848    -0.7774    -0.0527
  6486.8  1390.322262    -0.8804    -0.0509
  6481.5  1390.346676     1.7525    -0.0492
  6476.1  1390.371090     3.4359    -0.0476
  6470.7  1390.395504     3.2506    -0.0460
  6465.3  1390.419918     3.8655    -0.0444
  6460.0  1390.444332     3.8899    -0.0429
  6454.6  1390.468747     1.5775    -0.0415
  6449.2  1390.493161    -2.6983    -0.0401
  6443.8  1390.517575    -5.6892    -0.0388
  6438.4  1390.541989    -4.3534    -0.0375
  6433.1  1390.566403    -1.9887    -0.0363
  6427.7  1390.590817    -2.0129    -0.0351
  6422.3  1390.615231    -1.2800    -0.0340
  6416.9  1390.639645     0.6243    -0.0329
  6411.6  1390.664059     0.9295    -0.0319
  6406.2  1390.688473     1.4249    -0.0310
  6400.8  1390.712887     2.8687    -0.0301
  6395.4  1390.737301     3.2901    -0.0292
  6390.1  1390.761715    -0.2617    -0.0284
  6384.7  1390.786129    -4.0034    -0.0276
  6379.3  1390.810543    -3.3457    -0.0269
  6373.9  1390.834957    -0.2123    -0.0263
  6368.6  1390.859372    -0.2541    -0.0257
  6363.2  1390.883786     0.2322    -0.0252
  6357.8  1390.908200     4.0838    -0.0247
  6352.4  1390.932614     1.6288    -0.0242
  6347.1  1390.957028    -2.4673    -0.0238
  6341.7  1390.981442    -0.8538    -0.0235
  6336.3  1391.005856     1.4437    -0.0232
  6331.0  1391.030270     1.1534    -0.0230
  6325.6  1391.054684     0.3696    -0.0228
  6320.2  1391.079098     1.5770    -0.0226
  6314.8  1391.103512     1.4996    -0.0226
  6309.5  1391.127926    -0.6774    -0.0225
  6304.1  1391.152340    -1.3004    -0.0225
  6298.7  1391.176754    -0.5727    -0.0226
  6293.4  1391.201168    -0.7692    -0.0227
  6288.0  1391.225582    -1.7815    -0.0228
  6282.6  1391.249997    -0.0527    -0.0230
  6277.2  1391.274411     4.0613    -0.0233
  6271.9  1391.298825     4.3413    -0.0236
  6266.5  1391.323239     2.7234    -0.0239
  6261.1  1391.347653     2.1601    -0.0243
  6255.8  1391.372067     2.8981    -0.0247
  6250.4  1391.396481     1.3424    -0.0252
  6245.0  1391.420895    -2.7094    -0.0257
  6239.6  1391.445309    -2.4642    -0.0263
  6234.3  1391.469723     0.3962    -0.0269
  6228.9  1391.494137    -0.6553    -0.0275
  6223.5  1391.518551    -4.3067    -0.0282
  6218.2  1391.542965    -5.2397    -0.0290
  6212.8  1391.567379    -1.9487    -0.0297
  6207.4  1391.591793    -1.1982    -0.0306
  6202.1  1391.616207    -2.5727    -0.0314
  6196.7  1391.640622    -1.1301    -0.0323
  6191.3  1391.665036     0.1918    -0.0333
  6186.0  1391.689450    -0.0380    -0.0343
  6180.6  1391.713864     0.1717    -0.0353
  6175.2  1391.738278     2.5389    -0.0364
  6169.9  1391.762692     5.5405    -0.0375
  6164.5  1391.787106     3.5269    -0.0386
  6159.1  1391.811520    -0.1064    -0.0398
  6153.8  1391.835934     1.9697    -0.0411
  6148.4  1391.860348     4.9919    -0.0423
  6143.0  1391.884762     2.2294    -0.0436
  6137.7  1391.909176    -0.8565    -0.0450
  6132.3  1391.933590    -0.1464    -0.0463
  6126.9  1391.958004     0.3609    -0.0477
  6121.6  1391.982418    -1.1521    -0.0492
  6116.2  1392.006832    -2.9905    -0.0507
  6110.8  1392.031247    -3.2674    -0.0522
  6105.5  1392.055661    -2.2716    -0.0537
  6100.1  1392.080075    -1.8991    -0.0553
  6094.7  1392.104489    -1.5967    -0.0569
  6089.4  1392.128903    -0.5332    -0.0586
  6084.0  1392.153317     0.4877    -0.0603
  6078.6  1392.177731    -1.3229    -0.0620
  6073.3  1392.202145    -3.9978    -0.0637
  6067.9  1392.226559    -2.5426    -0.0655
  6062.6  1392.250973    -1.3138    -0.0673
  6057.2  1392.275387    -1.7601    -0.0692
  6051.8  1392.299801    -1.9594    -0.0710
  6046.5  1392.324215    -3.1096    -0.0729
  6041.1  1392.348629    -1.3308    -0.0749
  6035.7  1392.373043     0.6833    -0.0768
  6030.4  1392.397457     0.3327    -0.0788
  6025.0  1392.421872     0.6383    -0.0808
  6019.7  1392.446286    -0.6805    -0.0828
  6014.3  1392.470700    -0.0588    -0.0849
  6008.9  1392.495114     2.7621    -0.0870
  6003.6  1392.519528    -0.1836    -0.0891
  5998.2  1392.543942    -2.7577    -0.0912
  5992.8  1392.568356     0.5175    -0.0934
  5987.5  1392.592770     1.7176    -0.0956
  5982.1  1392.617184    -1.1106    -0.0978
  5976.8  1392.641598    -2.4989    -0.1000
  5971.4  1392.666012    -1.1120    -0.1022
  5966.0  1392.690426    -0.6538    -0.1045
  5960.7  1392.714840     0.2758    -0.1068
  5955.3  1392.739254     3.8663    -0.1091
  5950.0  1392.763668     5.1407    -0.1115
  5944.6  1392.788082     3.3123    -0.1138
  5939.2  1392.812497     1.0593    -0.1162
  5933.9  1392.836911     0.1306    -0.1186
  5928.5  1392.861325     1.3302    -0.1210
  5923.2  1392.885739     3.9810    -0.1234
  5917.8  1392.910153     1.9155    -0.1258
  5912.5  1392.934567    -1.2887    -0.1283
  5907.1  1392.958981     0.0924    -0.1308
  5901.7  1392.983395     0.2452    -0.1333
  5896.4  1393.007809    -0.6387    -0.1358
  5891.0  1393.032223    -0.7479    -0.1383
  5885.7  1393.056637    -0.8798    -0.1408
  5880.3  1393.081051    -0.5651    -0.1433
  5874.9  1393.105465    -0.1447    -0.1459
  5869.6  1393.129879     0.2074    -0.1485
  5864.2  1393.154293    -0.7405    -0.1510
  5858.9  1393.178707    -1.0876    -0.1536
  5853.5  1393.203122     0.9067    -0.1562
  5848.2  1393.227536     4.7667    -0.1588
  5842.8  1393.251950     4.5537    -0.1615
  5837.5  1393.276364     1.1923    -0.1641
  5832.1  1393.300778     0.6208    -0.1667
  5826.7  1393.325192     1.3815    -0.1694
  5821.4  1393.349606     0.7422    -0.1720
  5816.0  1393.374020     1.1420    -0.1747
  5810.7  1393.398434     1.5845    -0.1774
  5805.3  1393.422848    -0.8436    -0.1800
  5800.0  1393.447262    -0.6715    -0.1827
  5794.6  1393.471676     2.2671    -0.1854
  5789.3  1393.496090     3.6005    -0.1881
  5783.9  1393.520504     2.5086    -0.1908
  5778.6  1393.544918     0.3583    -0.1935
  5773.2  1393.569332     1.9008    -0.1962
  5767.9  1393.593747     4.0767    -0.1988
  5762.5  1393.618161     1.2652    -0.2015
  5757.1  1393.642575    -1.5269    -0.2042
  5751.8  1393.666989     0.0343    -0.2069
  5746.4  1393.691403     1.4280    -0.2097
  5741.1  1393.715817    -0.0973    -0.2124
  5735.7  1393.740231    -0.9997    -0.2151
  5730.4  1393.764645    -0.5395    -0.2178
  5725.0  1393.789059    -1.6360    -0.2204
  5719.7  1393.813473    -0.7915    -0.2231
  5714.3  1393.837887     1.4932    -0.2258
  5709.0  1393.862301    -0.7364    -0.2285
  5703.6  1393.886715    -3.7993    -0.2312
  5698.3  1393.911129    -2.6894    -0.2339
  5692.9  1393.935543     0.5396    -0.2366
  5687.6  1393.959957     2.2890    -0.2392
  5682.2  1393.984372     2.7489    -0.2419
  5676.9  1394.008786     2.1386    -0.2446
  5671.5  1394.033200     0.8216    -0.2472
  5666.2  1394.057614     0.7559    -0.2499
  5660.8  1394.082028    -1.4983    -0.2525
  5655.5  1394.106442    -4.5583    -0.2551
  5650.1  1394.130856    -4.0135    -0.2578
  5644.8  1394.155270    -3.1517    -0.2604
  5639.4  1394.179684    -2.2423    -0.2630
  5634.1  1394.204098    -0.0642    -0.2656
  5628.7  1394.228512     0.6177    -0.2682
  5623.4  1394.252926    -0.0668    -0.2707
  5618.0  1394.277340    -2.3873    -0.2733
  5612.7  1394.301754    -4.4561    -0.2758
  5607.3  1394.326168    -3.7517    -0.2784
  5602.0  1394.350582    -1.4160    -0.2809
  5596.6  1394.374997    -0.6396    -0.2834
  5591.3  1394.399411    -0.6727    -0.2859
  5586.0  1394.423825     0.1784    -0.2884
  5580.6  1394.448239    -0.4360    -0.2909
  5575.3  1394.472653    -3.0311    -0.2933
  5569.9  1394.497067    -5.1204    -0.2958
  5564.6  1394.521481    -5.2975    -0.2982
  5559.2  1394.545895    -3.4573    -0.3006
  5553.9  1394.570309    -2.4699    -0.3030
  5548.5  1394.594723    -3.5106    -0.3054
  5543.2  1394.619137    -4.1233    -0.3077
  5537.8  1394.643551    -2.6008    -0.3101
  5532.5  1394.667965    -0.0890    -0.3124
  5527.2  1394.692379     1.9821    -0.3147
  5521.8  1394.716793    -0.0702    -0.3170
  5516.5  1394.741207    -2.0884    -0.3193
  5511.1  1394.765622     0.9672    -0.3215
  5505.8  1394.790036     2.5178    -0.3237
  5500.4  1394.814450     2.0322    -0.3260
  5495.1  1394.838864     2.4784    -0.3281
  5489.7  1394.863278     1.9828    -0.3303
  5484.4  1394.887692     1.6125    -0.3325
  5479.1  1394.912106     2.5881    -0.3346
  5473.7  1394.936520     3.7308    -0.3367
  5468.4  1394.960934     3.6432    -0.3388
  5463.0  1394.985348     3.5676    -0.3408
  5457.7  1395.009762     4.3105    -0.3428
  5452.3  1395.034176     3.9108    -0.3449
  5447.0  1395.058590     3.0371    -0.3468
  5441.7  1395.083004     4.7197    -0.3488
  5436.3  1395.107418     3.7140    -0.3507
  5431.0  1395.131832    -0.3784    -0.3527
  5425.6  1395.156247    -0.9605    -0.3545
  5420.3  1395.180661     1.0488    -0.3564
  5415.0  1395.205075     2.8055    -0.3583
  5409.6  1395.229489     4.1845    -0.3601
  5404.3  1395.253903     5.4490    -0.3618
  5398.9  1395.278317     5.5940    -0.3636
  5393.6  1395.302731     4.2782    -0.3653
  5388.3  1395.327145     5.5862    -0.3670
  5382.9  1395.351559     8.0018    -0.3687
  5377.6  1395.375973     6.3686    -0.3704
  5372.2  1395.400387     4.5333    -0.3720
  5366.9  1395.424801     6.7829    -0.3736
  5361.6  1395.449215     9.6677    -0.3751
  5356.2  1395.473629     8.8501    -0.3767
  5350.9  1395.498043     5.7428    -0.3782
  5345.5  1395.522457     6.3485    -0.3797
  5340.2  1395.546872     7.8352    -0.3811
  5334.9  1395.571286     5.6223    -0.3825
  5329.5  1395.595700     4.1539    -0.3839
  5324.2  1395.620114     3.6283    -0.3853
  5318.9  1395.644528     1.8849    -0.3866
  5313.5  1395.668942     5.0253    -0.3879
  5308.2  1395.693356     8.6463    -0.3892
  5302.8  1395.717770     8.4327    -0.3904
  5297.5  1395.742184     6.7694    -0.3916
  5292.2  1395.766598     2.1615    -0.3928
  5286.8  1395.791012    -0.7917    -0.3939
  5281.5  1395.815426     2.1457    -0.3950
  5276.2  1395.839840     6.6479    -0.3961
  5270.8  1395.864254     8.7377    -0.3971
  5265.5  1395.888668     6.8442    -0.3981
  5260.2  1395.913082     2.8111    -0.3991
  5254.8  1395.937497    -0.7439    -0.4001
  5249.5  1395.961911    -1.5892    -0.4010
  5244.2  1395.986325     0.6995    -0.4018
  5238.8  1396.010739     2.4821    -0.4027
  5233.5  1396.035153     1.3741    -0.4035
  5228.1  1396.059567    -0.1168    -0.4043
  5222.8  1396.083981    -0.2769    -0.4050
  5217.5  1396.108395     0.2636    -0.4057
  5212.1  1396.132809     0.9032    -0.4064
  5206.8  1396.157223     0.5355    -0.4070
  5201.5  1396.181637    -2.5008    -0.4076
  5196.1  1396.206051    -3.6228    -0.4082
  5190.8  1396.230465    -0.6775    -0.4088
  5185.5  1396.254879     0.5829    -0.4093
  5180.1  1396.279293    -0.6432    -0.4097
  5174.8  1396.303707    -1.8309    -0.4101
  5169.5  1396.328122    -4.1729    -0.4105
  5164.2  1396.352536    -3.8458    -0.4109
  5158.8  1396.376950    -1.2618    -0.4112
  5153.5  1396.401364     0.2776    -0.4115
  5148.2  1396.425778     3.1784    -0.4118
  5142.8  1396.450192     3.2382    -0.4120
  5137.5  1396.474606     1.3807    -0.4122
  5132.2  1396.499020     0.2993    -0.4123
  5126.8  1396.523434    -1.9368    -0.4124
  5121.5  1396.547848    -0.7909    -0.4125
  5116.2  1396.572262     1.6914    -0.4126
  5110.8  1396.596676     1.2105    -0.4126
  5105.5  1396.621090     1.7204    -0.4125
  5100.2  1396.645504     3.4998    -0.4125
  5094.9  1396.669918     4.8430    -0.4124
  5089.5  1396.694332     4.2019    -0.4122
  5084.2  1396.718747     2.1303    -0.4121
  5078.9  1396.743161     1.7747    -0.4118
  5073.5  1396.767575     0.3284    -0.4116
  5068.2  1396.791989    -2.0548    -0.4113
  5062.9  1396.816403    -2.6058    -0.4110
  5057.6  1396.840817    -2.3736    -0.4106
  5052.2  1396.865231    -2.3639    -0.4103
  5046.9  1396.889645    -1.9292    -0.4098
  5041.6  1396.914059    -1.1516    -0.4094
  5036.2  1396.938473     0.7551    -0.4089
  5030.9  1396.962887     3.3194    -0.4083
  5025.6  1396.987301     4.1613    -0.4078
  5020.3  1397.011715     2.6096    -0.4072
  5014.9  1397.036129     1.7830    -0.4065
  5009.6  1397.060543     2.5045    -0.4059
  5004.3  1397.084957     0.9774    -0.4051
  4999.0  1397.109372    -0.8871    -0.4044
  4993.6  1397.133786     0.4065    -0.4036
  4988.3  1397.158200     0.5801    -0.4028
  4983.0  1397.182614     0.3423    -0.4019
  4977.6  1397.207028     0.4188    -0.4011
  4972.3  1397.231442     1.2711    -0.4001
  4967.0  1397.255856     2.0423    -0.3992
  4961.7  1397.280270     1.3914    -0.3982
  4956.3  1397.304684    -1.7798    -0.3972
  4951.0  1397.329098    -6.1323    -0.3961
  4945.7  1397.353512    -5.2904    -0.3950
  4940.4  1397.377926    -2.9155    -0.3939
  4935.1  1397.402340    -2.6507    -0.3927
  4929.7  1397.426754    -2.0720    -0.3915
  4924.4  1397.451168    -1.9264    -0.3903
  4919.1  1397.475582    -1.9878    -0.3890
  4913.8  1397.499997    -2.0176    -0.3877
  4908.4  1397.524411    -0.4722    -0.3864
  4903.1  1397.548825     1.2928    -0.3850
  4897.8  1397.573239     2.6932    -0.3836
  4892.5  1397.597653     3.6126    -0.3822
  4887.1  1397.622067     3.7880    -0.3807
  4881.8  1397.646481     3.8353    -0.3792
  4876.5  1397.670895     4.4173    -0.3777
  4871.2  1397.695309     5.2256    -0.3761
  4865.9  1397.719723     4.8520    -0.3745
  4860.5  1397.744137     5.5918    -0.3729
  4855.2  1397.768551     5.5757    -0.3712
  4849.9  1397.792965     2.6860    -0.3695
  4844.6  1397.817379     0.0736    -0.3678
  4839.3  1397.841793    -0.8825    -0.3661
  4833.9  1397.866207    -0.8636    -0.3643
  4828.6  1397.890622    -0.0565    -0.3625
  4823.3  1397.915036     2.2724    -0.3606
  4818.0  1397.939450     3.0123    -0.3587
  4812.7  1397.963864     1.5374    -0.3568
  4807.3  1397.988278    -0.1537    -0.3549
  4802.0  1398.012692    -2.3022    -0.3529
  4796.7  1398.037106    -1.1591    -0.3509
  4791.4  1398.061520     1.4555    -0.3489
  4786.1  1398.085934    -1.4233    -0.3469
  4780.7  1398.110348    -4.6249    -0.3448
  4775.4  1398.134762    -1.4549    -0.3427
  4770.1  1398.159176     2.1242    -0.3406
  4764.8  1398.183590     0.3859    -0.3384
  4759.5  1398.208004     0.3103    -0.3362
  4754.1  1398.232418     2.5242    -0.3340
  4748.8  1398.256832     3.1222    -0.3317
  4743.5  1398.281247     3.0671    -0.3295
  4738.2  1398.305661     1.6505    -0.3272
  4732.9  1398.330075     0.0363    -0.3249
  4727.6  1398.354489     0.1880    -0.3225
  4722.2  1398.378903    -0.8726    -0.3201
  4716.9  1398.403317    -2.8685    -0.3177
  4711.6  1398.427731    -2.3678    -0.3153
  4706.3  1398.452145     0.5076    -0.3129
  4701.0  1398.476559     1.0199    -0.3104
  4695.7  1398.500973    -0.9399    -0.3079
  4690.3  1398.525387    -0.7638    -0.3054
  4685.0  1398.549801     1.1736    -0.3028
  4679.7  1398.574215     2.4961    -0.3003
  4674.4  1398.598629     1.9200    -0.2977
  4669.1  1398.623043    -0.5758    -0.2951
  4663.8  1398.647457    -2.3318    -0.2925
  4658.5  1398.671872    -1.5644    -0.2898
  4653.1  1398.696286    -0.4065    -0.2871
  4647.8  1398.720700    -0.5320    -0.2845
  4642.5  1398.745114     0.6519    -0.2818
  4637.2  1398.769528     2.9639    -0.2790
  4631.9  1398.793942     4.2773    -0.2763
  4626.6  1398.818356     3.0995    -0.2735
  4621.3  1398.842770     1.1148    -0.2707
  4616.0  1398.867184    -2.2229    -0.2679
  4610.6  1398.891598    -3.2894    -0.2651
  4605.3  1398.916012    -2.2137    -0.2623
  4600.0  1398.940426    -2.3803    -0.2594
  4594.7  1398.964840    -1.0542    -0.2565
  4589.4  1398.989254    -0.1789    -0.2536
  4584.1  1399.013668    -0.2257    -0.2507
  4578.8  1399.038082     1.4582    -0.2478
  4573.5  1399.062497     0.1821    -0.2449
  4568.1  1399.086911    -2.1921    -0.2419
  4562.8  1399.111325    -2.9642    -0.2390
  4557.5  1399.135739    -3.9801    -0.2360
  4552.2  1399.160153    -1.8296    -0.2330
  4546.9  1399.184567    -0.8858    -0.2300
  4541.6  1399.208981    -3.4008    -0.2270
  4536.3  1399.233395     0.3035    -0.2240
  4531.0  1399.257809     4.0078    -0.2209
  4525.7  1399.282223     0.8466    -0.2179
  4520.4  1399.306637    -3.0706    -0.2148
  4515.0  1399.331051    -2.7854    -0.2118
  4509.7  1399.355465    -0.6604    -0.2087
  4504.4  1399.379879     0.1473    -0.2056
  4499.1  1399.404293    -2.1002    -0.2025
  4493.8  1399.428707    -1.7521    -0.1994
  4488.5  1399.453122     0.8490    -0.1963
  4483.2  1399.477536    -1.0994    -0.1932
  4477.9  1399.501950    -3.6691    -0.1901
  4472.6  1399.526364    -4.1267    -0.1869
  4467.3  1399.550778    -4.5751    -0.1838
  4462.0  1399.575192    -3.6188    -0.1807
  4456.7  1399.599606    -2.3137    -0.1775
  4451.3  1399.624020    -2.0328    -0.1744
  4446.0  1399.648434    -1.5785    -0.1712
  4440.7  1399.672848    -1.0498    -0.1681
  4435.4  1399.697262    -0.2950    -0.1649
  4430.1  1399.721676     2.1670    -0.1617
  4424.8  1399.746090     4.2382    -0.1586
  4419.5  1399.770504     4.5127    -0.1554
  4414.2  1399.794918     4.1138    -0.1523
  4408.9  1399.819332     2.5112    -0.1491
  4403.6  1399.843747     3.0743    -0.1459
  4398.3  1399.868161     3.3207    -0.1428
  4393.0  1399.892575    -0.8430    -0.1396
  4387.7  1399.916989    -2.1944    -0.1364
  4382.4  1399.941403    -0.3861    -0.1333
  4377.1  1399.965817     0.3375    -0.1301
  4371.8  1399.990231     0.5818    -0.1270
  4366.5  1400.014645     0.4348    -0.1238
  4361.2  1400.039059    -1.3169    -0.1207
  4355.8  1400.063473    -2.1983    -0.1175
  4350.5  1400.087887    -2.2147    -0.1144
  4345.2  1400.112301    -2.3582    -0.1113
  4339.9  1400.136715    -2.3392    -0.1081
  4334.6  1400.161129    -0.7354    -0.1050
  4329.3  1400.185543     2.1307    -0.1019
  4324.0  1400.209957     4.7871    -0.0988
  4318.7  1400.234372     3.5584    -0.0957
  4313.4  1400.258786     0.3693    -0.0926
  4308.1  1400.283200    -2.2646    -0.0895
  4302.8  1400.307614    -1.8272    -0.0865
  4297.5  1400.332028     1.7372    -0.0834
  4292.2  1400.356442     2.4739    -0.0804
  4286.9  1400.380856    -0.4085    -0.0773
  4281.6  1400.405270    -2.3911    -0.0743
  4276.3  1400.429684    -1.4269    -0.0713
  4271.0  1400.454098     1.0592    -0.0683
  4265.7  1400.478512     0.9168    -0.0653
  4260.4  1400.502926    -2.5639    -0.0624
  4255.1  1400.527340    -3.8342    -0.0594
  4249.8  1400.551754    -1.2448    -0.0565
  4244.5  1400.576168     2.9354    -0.0536
  4239.2  1400.600582     4.0750    -0.0507
  4233.9  1400.624997     1.0083    -0.0478
  4228.6  1400.649411    -0.3609    -0.0449
  4223.3  1400.673825     1.3377    -0.0420
  4218.0  1400.698239     0.7711    -0.0392
  4212.7  1400.722653    -1.0875    -0.0364
  4207.4  1400.747067    -0.6372    -0.0336
  4202.1  1400.771481    -0.9275    -0.0308
  4196.8  1400.795895    -2.6205    -0.0281
  4191.5  1400.820309    -1.9868    -0.0253
  4186.2  1400.844723     0.3954    -0.0226
  4180.9  1400.869137     0.3984    -0.0199
  4175.6  1400.893551    -0.6928    -0.0172
  4170.3  1400.917965     1.7368    -0.0146
  4165.0  1400.942379     3.3948    -0.0120
  4159.7  1400.966793    -0.7971    -0.0094
  4154.4  1400.991207    -3.1118    -0.0068
  4149.1  1401.015622    -0.4376    -0.0042
  4143.8  1401.040036     2.7793    -0.0017
  4138.6  1401.064450     3.8110     0.0008
  4133.3  1401.088864     1.0406     0.0032
  4128.0  1401.113278    -0.4615     0.0057
  4122.7  1401.137692     0.3395     0.0081
  4117.4  1401.162106    -0.0070     0.0105
  4112.1  1401.186520     0.2055     0.0129
  4106.8  1401.210934    -0.1584     0.0152
  4101.5  1401.235348    -0.3837     0.0175
  4096.2  1401.259762     2.3324     0.0198
  4090.9  1401.284176     4.3451     0.0220
  4085.6  1401.308590     3.6947     0.0242
  4080.3  1401.333004     1.8250     0.0264
  4075.0  1401.357418     0.1644     0.0285
  4069.7  1401.381832     0.6772     0.0307
  4064.4  1401.406247     1.1886     0.0327
  4059.1  1401.430661     2.2461     0.0348
  4053.8  1401.455075     3.6410     0.0368
  4048.5  1401.479489     2.6634     0.0388
  4043.3  1401.503903     2.1862     0.0407
  4038.0  1401.528317     1.6646     0.0426
  4032.7  1401.552731    -2.4943     0.0445
  4027.4  1401.577145    -3.0035     0.0463
  4022.1  1401.601559    -0.3920     0.0481
  4016.8  1401.625973    -1.5827     0.0499
  4011.5  1401.650387    -2.0753     0.0516
  4006.2  1401.674801    -1.0397     0.0533
  4000.9  1401.699215    -1.9284     0.0550
  3995.6  1401.723629    -3.8305     0.0566
  3990.3  1401.748043    -2.9239     0.0581
  3985.0  1401.772457    -0.8612     0.0597
  3979.8  1401.796872    -2.0815     0.0612
  3974.5  1401.821286    -2.8691     0.0626
  3969.2  1401.845700    -1.9480     0.0640
  3963.9  1401.870114     0.5456     0.0654
  3958.6  1401.894528     1.3188     0.0667
  3953.3  1401.918942    -0.0676     0.0680
  3948.0  1401.943356     0.0889     0.0692
  3942.7  1401.967770     0.9036     0.0704
  3937.4  1401.992184    -0.8401     0.0716
  3932.1  1402.016598    -1.8519     0.0727
  3926.9  1402.041012    -0.2390     0.0738
  3921.6  1402.065426    -0.5389     0.0748
  3916.3  1402.089840    -3.2718     0.0758
  3911.0  1402.114254    -2.7248     0.0767
  3905.7  1402.138668    -0.9049     0.0776
  3900.4  1402.163082    -1.5212     0.0784
  3895.1  1402.187497    -0.5869     0.0792
  3889.8  1402.211911     1.4451     0.0800
  3884.6  1402.236325     0.7557     0.0807
  3879.3  1402.260739    -0.6713     0.0813
  3874.0  1402.285153     0.3273     0.0819
  3868.7  1402.309567     2.6299     0.0825
  3863.4  1402.333981     1.9366     0.0830
  3858.1  1402.358395    -0.5800     0.0834
  3852.8  1402.382809    -1.1001     0.0838
  3847.5  1402.407223     0.8115     0.0842
  3842.3  1402.431637     1.6085     0.0845
  3837.0  1402.456051     0.5555     0.0848
  3831.7  1402.480465    -0.1199     0.0850
  3826.4  1402.504879     1.3395     0.0851
  3821.1  1402.529293     2.5499     0.0852
  3815.8  1402.553707     3.4634     0.0853
  3810.5  1402.578122     4.3615     0.0853
  3805.3  1402.602536     4.7954     0.0853
  3800.0  1402.626950     4.6634     0.0852
  3794.7  1402.651364     1.1243     0.0850
  3789.4  1402.675778    -2.2759     0.0848
  3784.1  1402.700192    -1.9240     0.0846
  3778.8  1402.724606    -0.1632     0.0843
  3773.6  1402.749020     0.3396     0.0839
  3768.3  1402.773434     0.1337     0.0835
  3763.0  1402.797848     1.5434     0.0830
  3757.7  1402.822262     0.6638     0.0825
  3752.4  1402.846676    -2.2678     0.0819
  3747.1  1402.871090    -3.1948     0.0813
  3741.9  1402.895504    -1.7705     0.0806
  3736.6  1402.919918     0.8238     0.0799
  3731.3  1402.944332     2.1790     0.0791
  3726.0  1402.968747     0.2772     0.0783
  3720.7  1402.993161     1.7169     0.0774
  3715.5  1403.017575     4.9870     0.0764
  3710.2  1403.041989     2.8714     0.0754
  3704.9  1403.066403    -0.7196     0.0744
  3699.6  1403.090817    -0.5287     0.0733
  3694.3  1403.115231     0.7899     0.0721
  3689.0  1403.139645    -1.1501     0.0709
  3683.8  1403.164059    -4.6282     0.0696
  3678.5  1403.188473    -5.5757     0.0683
  3673.2  1403.212887    -6.2213     0.0669
  3667.9  1403.237301    -4.5533     0.0654
  3662.6  1403.261715    -1.2774     0.0640
  3657.4  1403.286129    -2.3484     0.0624
  3652.1  1403.310543    -4.3270     0.0608
  3646.8  1403.334957    -1.1964     0.0591
  3641.5  1403.359372     2.5717     0.0574
  3636.3  1403.383786     1.1148     0.0557
  3631.0  1403.408200    -2.3335     0.0538
  3625.7  1403.432614    -3.0659     0.0520
  3620.4  1403.457028    -1.7289     0.0500
  3615.1  1403.481442    -0.5074     0.0480
  3609.9  1403.505856     0.1924     0.0460
  3604.6  1403.530270     1.5577     0.0439
  3599.3  1403.554684     2.8278     0.0417
  3594.0  1403.579098     2.2765     0.0395
  3588.8  1403.603512     3.6358     0.0373
  3583.5  1403.627926     4.9673     0.0350
  3578.2  1403.652340     2.4086     0.0326
  3572.9  1403.676754     3.0952     0.0302
  3567.6  1403.701168     4.4521     0.0277
  3562.4  1403.725582     1.1264     0.0252
  3557.1  1403.749997    -0.6389     0.0226
  3551.8  1403.774411     1.4813     0.0200
  3546.5  1403.798825     2.3315     0.0173
  3541.3  1403.823239    -0.4786     0.0146
  3536.0  1403.847653    -2.3089     0.0118
  3530.7  1403.872067    -1.4133     0.0090
  3525.4  1403.896481    -3.3920     0.0061
  3520.2  1403.920895    -3.5487     0.0031
  3514.9  1403.945309    -0.5039     0.0001
  3509.6  1403.969723    -0.8907    -0.0029
  3504.3  1403.994137    -2.0071    -0.0060
  3499.1  1404.018551    -0.6963    -0.0091
  3493.8  1404.042965     0.4939    -0.0123
  3488.5  1404.067379     0.4084    -0.0155
  3483.3  1404.091793    -0.9813    -0.0188
  3478.0  1404.116207    -1.0698    -0.0222
  3472.7  1404.140622     0.6146    -0.0255
  3467.4  1404.165036     1.2455    -0.0290
  3462.2  1404.189450    -0.8229    -0.0324
  3456.9  1404.213864    -3.5577    -0.0359
  3451.6  1404.238278    -3.1425    -0.0395
  3446.3  1404.262692     0.3197    -0.0431
  3441.1  1404.287106     3.2184    -0.0468
  3435.8  1404.311520     2.1758    -0.0505
  3430.5  1404.335934    -0.5818    -0.0542
  3425.3  1404.360348    -1.0574    -0.0580
  3420.0  1404.384762    -1.9528    -0.0618
  3414.7  1404.409176    -1.8225    -0.0657
  3409.4  1404.433590    -0.8052    -0.0696
  3404.2  1404.458004    -1.3074    -0.0735
  3398.9  1404.482418    -2.0229    -0.0775
  3393.6  1404.506832    -2.4074    -0.0815
  3388.4  1404.531247    -3.2122    -0.0856
  3383.1  1404.555661    -3.4815    -0.0897
  3377.8  1404.580075    -1.3934    -0.0938
  3372.6  1404.604489    -0.7530    -0.0980
  3367.3  1404.628903    -2.3236    -0.1022
  3362.0  1404.653317    -0.3061    -0.1064
  3356.7  1404.677731    -0.9519    -0.1107
  3351.5  1404.702145    -4.8272    -0.1150
  3346.2  1404.726559    -3.0462    -0.1194
  3340.9  1404.750973     1.0244    -0.1237
  3335.7  1404.775387     4.6692    -0.1281
  3330.4  1404.799801     5.2873    -0.1326
  3325.1  1404.824215     0.2588    -0.1370
  3319.9  1404.848629    -0.1365    -0.1415
  3314.6  1404.873043     2.0074    -0.1460
  3309.3  1404.897457     3.7787    -0.1506
  3304.1  1404.921872     2.9259    -0.1551
  3298.8  1404.946286    -1.0623    -0.1597
  3293.5  1404.970700    -5.4580    -0.1643
  3288.3  1404.995114    -6.6018    -0.1690
  3283.0  1405.019528    -3.9627    -0.1736
  3277.7  1405.043942    -2.2244    -0.1783
  3272.5  1405.068356    -2.4005    -0.1830
  3267.2  1405.092770    -1.5316    -0.1877
  3261.9  1405.117184    -0.4135    -0.1924
  3256.7  1405.141598     2.6131    -0.1971
  3251.4  1405.166012     4.9937    -0.2019
  3246.1  1405.190426     5.6731    -0.2067
  3240.9  1405.214840     4.6642    -0.2114
  3235.6  1405.239254     3.6525    -0.2162
  3230.3  1405.263668     2.9133    -0.2210
  3225.1  1405.288082     5.3931    -0.2258
  3219.8  1405.312497     4.2093    -0.2306
  3214.6  1405.336911     1.3609    -0.2354
  3209.3  1405.361325    -0.5975    -0.2403
  3204.0  1405.385739    -0.9039    -0.2451
  3198.8  1405.410153     1.2354    -0.2499
  3193.5  1405.434567     0.1709    -0.2547
  3188.2  1405.458981    -2.3327    -0.2595
  3183.0  1405.483395    -0.7250    -0.2644
  3177.7  1405.507809     1.6542    -0.2692
  3172.4  1405.532223     0.6195    -0.2740
  3167.2  1405.556637    -2.0698    -0.2788
  3161.9  1405.581051    -0.3548    -0.2836
  3156.7  1405.605465     1.5190    -0.2883
  3151.4  1405.629879    -1.8518    -0.2931
  3146.1  1405.654293    -4.6989    -0.2978
  3140.9  1405.678707    -2.6114    -0.3026
  3135.6  1405.703122    -0.2568    -0.3073
  3130.4  1405.727536     0.0880    -0.3120
  3125.1  1405.751950     0.2616    -0.3167
  3119.8  1405.776364     0.1274    -0.3213
  3114.6  1405.800778     0.2607    -0.3260
  3109.3  1405.825192     1.5682    -0.3306
  3104.0  1405.849606     0.1579    -0.3351
  3098.8  1405.874020    -1.5820    -0.3397
  3093.5  1405.898434    -1.8381    -0.3442
  3088.3  1405.922848    -1.5001    -0.3487
  3083.0  1405.947262    -2.4137    -0.3531
  3077.8  1405.971676    -3.7373    -0.3575
  3072.5  1405.996090    -0.5360    -0.3619
  3067.2  1406.020504     1.6400    -0.3662
  3062.0  1406.044918     1.6015    -0.3705
  3056.7  1406.069332     3.0358    -0.3747
  3051.5  1406.093747     2.8886    -0.3789
  3046.2  1406.118161     2.6497    -0.3830
  3040.9  1406.142575     2.4503    -0.3871
  3035.7  1406.166989     2.5297    -0.3912
  3030.4  1406.191403     2.1361    -0.3951
  3025.2  1406.215817    -0.1830    -0.3991
  3019.9  1406.240231    -1.5804    -0.4029
  3014.7  1406.264645     0.5283    -0.4067
  3009.4  1406.289059     2.6574    -0.4104
  3004.1  1406.313473     2.4532    -0.4141
  2998.9  1406.337887     2.7201    -0.4177
  2993.6  1406.362301     4.1642    -0.4212
  2988.4  1406.386715     2.4802    -0.4247
  2983.1  1406.411129    -0.4775    -0.4280
  2977.9  1406.435543     0.8192    -0.4313
  2972.6  1406.459957     3.1678    -0.4345
  2967.3  1406.484372     1.2027    -0.4377
  2962.1  1406.508786    -2.0912    -0.4407
  2956.8  1406.533200    -3.8128    -0.4436
  2951.6  1406.557614    -2.9929    -0.4465
  2946.3  1406.582028    -0.8523    -0.4492
  2941.1  1406.606442     0.4394    -0.4519
  2935.8  1406.630856     0.3944    -0.4545
  2930.6  1406.655270    -0.3358    -0.4569
  2925.3  1406.679684     0.1547    -0.4593
  2920.1  1406.704098     0.9025    -0.4615
  2914.8  1406.728512    -0.7656    -0.4637
  2909.5  1406.752926    -1.8496    -0.4657
  2904.3  1406.777340    -0.7462    -0.4676
  2899.0  1406.801754     0.9367    -0.4694
  2893.8  1406.826168    -0.0065    -0.4710
  2888.5  1406.850582    -2.6015    -0.4726
  2883.3  1406.874997    -3.6057    -0.4740
  2878.0  1406.899411    -2.4727    -0.4752
  2872.8  1406.923825    -1.4777    -0.4764
  2867.5  1406.948239    -0.9377    -0.4774
  2862.3  1406.972653     0.7315    -0.4782
  2857.0  1406.997067    -0.3126    -0.4789
  2851.8  1407.021481    -3.3580    -0.4795
  2846.5  1407.045895     0.2025    -0.4799
  2841.3  1407.070309     3.5280    -0.4802
  2836.0  1407.094723     0.7006    -0.4803
  2830.8  1407.119137    -0.3234    -0.4802
  2825.5  1407.143551     2.0399    -0.4800
  2820.3  1407.167965     1.4536    -0.4796
  2815.0  1407.192379    -0.8221    -0.4791
  2809.8  1407.216793    -1.0841    -0.4783
  2804.5  1407.241207    -1.4188    -0.4774
  2799.3  1407.265622    -2.4208    -0.4763
  2794.0  1407.290036     0.1120    -0.4751
  2788.8  1407.314450     2.4635    -0.4736
  2783.5  1407.338864     2.2013    -0.4719
  2778.3  1407.363278     1.3703    -0.4701
  2773.0  1407.387692     0.7086    -0.4680
  2767.8  1407.412106     0.8995    -0.4658
  2762.5  1407.436520     0.2771    -0.4633
  2757.3  1407.460934    -1.2049    -0.4606
  2752.0  1407.485348    -0.0539    -0.4577
  2746.8  1407.509762     0.5947    -0.4546
  2741.5  1407.534176    -0.8589    -0.4513
  2736.3  1407.558590    -2.5535    -0.4477
  2731.0  1407.583004    -2.0243    -0.4439
  2725.8  1407.607418    -0.3809    -0.4399
  2720.5  1407.631832     0.1750    -0.4357
  2715.3  1407.656247     1.3684    -0.4312
  2710.1  1407.680661     2.3209    -0.4264
  2704.8  1407.705075     0.9763    -0.4214
  2699.6  1407.729489    -0.6543    -0.4161
  2694.3  1407.753903    -3.2427    -0.4106
  2689.1  1407.778317    -4.6384    -0.4048
  2683.8  1407.802731    -1.6022    -0.3988
  2678.6  1407.827145     1.4208    -0.3924
  2673.3  1407.851559    -0.4876    -0.3858
  2668.1  1407.875973    -0.2954    -0.3790
  2662.8  1407.900387     2.2182    -0.3718
  2657.6  1407.924801     2.2994    -0.3643
  2652.4  1407.949215     1.8125    -0.3566
  2647.1  1407.973629     1.3770    -0.3485
  2641.9  1407.998043    -0.0193    -0.3401
  2636.6  1408.022457     0.4177    -0.3315
  2631.4  1408.046872     2.5765    -0.3225
  2626.1  1408.071286     1.7724    -0.3132
  2620.9  1408.095700     0.4860    -0.3035
  2615.6  1408.120114     0.6447    -0.2936
  2610.4  1408.144528     0.2523    -0.2833
  2605.2  1408.168942    -1.2003    -0.2726
  2599.9  1408.193356    -3.2539    -0.2616
  2594.7  1408.217770    -1.1520    -0.2503
  2589.4  1408.242184     0.7018    -0.2386
  2584.2  1408.266598     1.3115    -0.2266
  2578.9  1408.291012     2.5804    -0.2142
  2573.7  1408.315426     0.6684    -0.2014
  2568.5  1408.339840    -0.6100    -0.1883
  2563.2  1408.364254     0.6315    -0.1747
  2558.0  1408.388668    -0.2869    -0.1608
  2552.7  1408.413082    -0.1874    -0.1465
  2547.5  1408.437497     0.6861    -0.1318
  2542.3  1408.461911     0.2905    -0.1167
  2537.0  1408.486325     0.7684    -0.1012
  2531.8  1408.510739     2.7815    -0.0853
  2526.5  1408.535153     1.8579    -0.0689
  2521.3  1408.559567    -0.9533    -0.0521
  2516.1  1408.583981    -2.5368    -0.0349
  2510.8  1408.608395    -2.3890    -0.0173
  2505.6  1408.632809    -1.5812     0.0008
  2500.3  1408.657223    -4.2529     0.0193
