#Arecibo Legacy Fast ALFA Survey
#http://egg.astro.cornell.edu/alfalfa/
#ASCII Table format
# 
#Telescope:      Arecibo Radio Telescope
#Instrument:     Arecibo Radio Telescope
#Beam size:      3.5x3.8 [arcminutes]
#Object:         AGC 182036
#RA:             128.65739  (J2000) decimal degrees
#DEC:            4.4671624  (J2000) decimal degrees
#Rest Frequency: 1.4204058e+09 [Hz]
#Bandwidth:      24.975586 [MHz]
#Channels:       1024
#Other name:     
#Detection Code:    1
#Data archive at http://arecibo.tc.cornell.edu/hiarchive/alfalfa/
#File generated by G. Hallenbeck  Thu Jul  8 16:03:17 2010
#This spectrum has been baseline subtracted.
#Table FORMAT:  (f8.1,1x,f12.6,1x,f10.4,1x,f10.4)
# 
#Column descriptions:
# 1. Heliocentric velocity [km/s]
# 2. Radio frequency [MHz]
# 3. Flux Density [mJy]
# 4. Subtracted polynomial baseline fit
# 
####################################################################
# 
  7956.8  1383.681637    -2.8355     0.9135
  7951.3  1383.706051    -2.1279     0.9014
  7945.9  1383.730465     0.3429     0.8893
  7940.5  1383.754879     2.0416     0.8773
  7935.0  1383.779293     3.5871     0.8653
  7929.6  1383.803707     2.7051     0.8535
  7924.2  1383.828122     0.8648     0.8418
  7918.7  1383.852536     3.1697     0.8301
  7913.3  1383.876950     6.3727     0.8185
  7907.9  1383.901364     3.2462     0.8071
  7902.5  1383.925778    -2.4962     0.7957
  7897.0  1383.950192    -2.6034     0.7843
  7891.6  1383.974606    -2.2345     0.7731
  7886.2  1383.999020    -3.6215     0.7619
  7880.8  1384.023434    -1.2865     0.7509
  7875.3  1384.047848     0.5468     0.7399
  7869.9  1384.072262    -0.8945     0.7290
  7864.5  1384.096676     0.5013     0.7182
  7859.0  1384.121090     1.8506     0.7074
  7853.6  1384.145504     0.7778     0.6968
  7848.2  1384.169918    -0.3620     0.6862
  7842.8  1384.194332    -1.7764     0.6757
  7837.3  1384.218747    -4.3712     0.6653
  7831.9  1384.243161    -7.3593     0.6549
  7826.5  1384.267575    -7.5602     0.6447
  7821.1  1384.291989    -5.0742     0.6345
  7815.6  1384.316403    -1.6824     0.6244
  7810.2  1384.340817     1.5472     0.6143
  7804.8  1384.365231     4.2308     0.6044
  7799.4  1384.389645     6.4345     0.5945
  7793.9  1384.414059     4.7050     0.5847
  7788.5  1384.438473    -1.2870     0.5750
  7783.1  1384.462887    -3.3473     0.5654
  7777.7  1384.487301    -1.3675     0.5558
  7772.2  1384.511715    -2.2411     0.5463
  7766.8  1384.536129    -1.5399     0.5369
  7761.4  1384.560543     0.4627     0.5276
  7756.0  1384.584957    -1.8307     0.5183
  7750.6  1384.609372    -3.0864     0.5091
  7745.1  1384.633786    -1.8084     0.5000
  7739.7  1384.658200    -2.1418     0.4910
  7734.3  1384.682614    -2.6626     0.4820
  7728.9  1384.707028    -2.1941     0.4731
  7723.4  1384.731442     0.3821     0.4643
  7718.0  1384.755856     3.1932     0.4556
  7712.6  1384.780270     3.9346     0.4469
  7707.2  1384.804684     4.2479     0.4383
  7701.8  1384.829098     1.1134     0.4298
  7696.3  1384.853512    -0.5161     0.4213
  7690.9  1384.877926     1.0689     0.4129
  7685.5  1384.902340     1.2659     0.4046
  7680.1  1384.926754     1.1587     0.3963
  7674.7  1384.951168     1.8473     0.3882
  7669.2  1384.975582     2.1198     0.3800
  7663.8  1384.999997    -0.1952     0.3720
  7658.4  1385.024411    -0.9141     0.3640
  7653.0  1385.048825     2.3447     0.3561
  7647.6  1385.073239     3.6102     0.3483
  7642.1  1385.097653     3.9065     0.3405
  7636.7  1385.122067     6.3408     0.3328
  7631.3  1385.146481     4.9105     0.3252
  7625.9  1385.170895    -2.0588     0.3176
  7620.5  1385.195309    -4.8015     0.3101
  7615.0  1385.219723    -1.4829     0.3027
  7609.6  1385.244137     1.9574     0.2953
  7604.2  1385.268551     1.3828     0.2880
  7598.8  1385.292965     0.4444     0.2808
  7593.4  1385.317379     3.9967     0.2736
  7588.0  1385.341793     5.0483     0.2665
  7582.5  1385.366207     3.4379     0.2594
  7577.1  1385.390622     3.4065     0.2525
  7571.7  1385.415036     1.6685     0.2455
  7566.3  1385.439450    -0.6409     0.2387
  7560.9  1385.463864    -1.0757     0.2319
  7555.5  1385.488278    -1.1603     0.2252
  7550.0  1385.512692    -2.1024     0.2185
  7544.6  1385.537106    -2.0414     0.2119
  7539.2  1385.561520    -0.3817     0.2054
  7533.8  1385.585934    -0.0931     0.1989
  7528.4  1385.610348    -0.1254     0.1925
  7523.0  1385.634762    -0.4259     0.1861
  7517.6  1385.659176     1.0087     0.1798
  7512.1  1385.683590     3.2252     0.1736
  7506.7  1385.708004     1.1607     0.1674
  7501.3  1385.732418    -1.9787     0.1613
  7495.9  1385.756832    -4.3573     0.1552
  7490.5  1385.781247    -5.3154     0.1492
  7485.1  1385.805661    -1.8037     0.1433
  7479.7  1385.830075     1.2066     0.1374
  7474.2  1385.854489    -0.6527     0.1315
  7468.8  1385.878903    -3.1866     0.1258
  7463.4  1385.903317    -3.8374     0.1201
  7458.0  1385.927731    -2.9976     0.1144
  7452.6  1385.952145     0.3464     0.1088
  7447.2  1385.976559     3.9059     0.1033
  7441.8  1386.000973     3.2079     0.0978
  7436.4  1386.025387    -0.0425     0.0924
  7430.9  1386.049801    -1.0608     0.0870
  7425.5  1386.074215    -1.3663     0.0817
  7420.1  1386.098629    -1.6374     0.0764
  7414.7  1386.123043    -0.9724     0.0712
  7409.3  1386.147457    -0.0231     0.0660
  7403.9  1386.171872     0.4869     0.0609
  7398.5  1386.196286     1.1317     0.0559
  7393.1  1386.220700     1.0006     0.0509
  7387.7  1386.245114    -0.4088     0.0460
  7382.2  1386.269528    -0.1864     0.0411
  7376.8  1386.293942     0.6766     0.0362
  7371.4  1386.318356     0.8928     0.0314
  7366.0  1386.342770    -0.5801     0.0267
  7360.6  1386.367184    -0.8102     0.0220
  7355.2  1386.391598    -0.1363     0.0174
  7349.8  1386.416012    -1.7362     0.0128
  7344.4  1386.440426    -3.8047     0.0083
  7339.0  1386.464840    -3.4073     0.0038
  7333.6  1386.489254     0.4942    -0.0006
  7328.2  1386.513668     3.3419    -0.0050
  7322.8  1386.538082     2.2205    -0.0093
  7317.3  1386.562497     0.2603    -0.0136
  7311.9  1386.586911    -0.1355    -0.0178
  7306.5  1386.611325     0.2677    -0.0220
  7301.1  1386.635739     1.2629    -0.0261
  7295.7  1386.660153     0.9074    -0.0302
  7290.3  1386.684567    -1.4992    -0.0342
  7284.9  1386.708981    -2.3476    -0.0382
  7279.5  1386.733395    -1.2847    -0.0422
  7274.1  1386.757809    -0.4693    -0.0461
  7268.7  1386.782223    -0.2935    -0.0499
  7263.3  1386.806637    -0.3751    -0.0537
  7257.9  1386.831051    -1.5797    -0.0575
  7252.5  1386.855465    -3.0047    -0.0612
  7247.1  1386.879879    -0.7309    -0.0648
  7241.7  1386.904293     1.4875    -0.0684
  7236.3  1386.928707    -1.3379    -0.0720
  7230.8  1386.953122    -2.3985    -0.0755
  7225.4  1386.977536     0.4688    -0.0790
  7220.0  1387.001950     0.5187    -0.0825
  7214.6  1387.026364    -1.5084    -0.0858
  7209.2  1387.050778    -0.3876    -0.0892
  7203.8  1387.075192     0.9751    -0.0925
  7198.4  1387.099606    -1.0138    -0.0958
  7193.0  1387.124020    -1.0213    -0.0990
  7187.6  1387.148434     0.5809    -0.1022
  7182.2  1387.172848     0.4011    -0.1053
  7176.8  1387.197262    -0.0223    -0.1084
  7171.4  1387.221676    -0.3536    -0.1114
  7166.0  1387.246090     0.0730    -0.1144
  7160.6  1387.270504     2.1053    -0.1174
  7155.2  1387.294918     0.6622    -0.1203
  7149.8  1387.319332    -2.6659    -0.1232
  7144.4  1387.343747    -1.5418    -0.1261
  7139.0  1387.368161     0.4446    -0.1289
  7133.6  1387.392575    -1.2001    -0.1316
  7128.2  1387.416989    -3.7155    -0.1344
  7122.8  1387.441403    -3.9569    -0.1371
  7117.4  1387.465817    -2.7414    -0.1397
  7112.0  1387.490231    -3.6387    -0.1423
  7106.6  1387.514645    -4.5153    -0.1449
  7101.2  1387.539059    -2.2131    -0.1474
  7095.8  1387.563473    -0.4930    -0.1499
  7090.4  1387.587887    -1.2441    -0.1524
  7085.0  1387.612301    -2.7923    -0.1548
  7079.6  1387.636715    -2.2947    -0.1572
  7074.2  1387.661129     0.5156    -0.1595
  7068.8  1387.685543     0.1734    -0.1618
  7063.4  1387.709957    -1.7135    -0.1641
  7058.0  1387.734372    -2.5785    -0.1663
  7052.6  1387.758786    -2.5457    -0.1685
  7047.2  1387.783200    -0.8637    -0.1707
  7041.8  1387.807614     1.2884    -0.1728
  7036.4  1387.832028     2.5091    -0.1749
  7031.0  1387.856442     1.1462    -0.1769
  7025.6  1387.880856    -0.7066    -0.1790
  7020.2  1387.905270     0.8284    -0.1809
  7014.8  1387.929684     1.2675    -0.1829
  7009.4  1387.954098     1.0804    -0.1848
  7004.0  1387.978512     3.0419    -0.1867
  6998.6  1388.002926     2.7480    -0.1885
  6993.2  1388.027340    -1.4783    -0.1904
  6987.8  1388.051754    -2.5781    -0.1921
  6982.4  1388.076168     1.3082    -0.1939
  6977.1  1388.100582     3.9342    -0.1956
  6971.7  1388.124997     2.5976    -0.1973
  6966.3  1388.149411     0.9300    -0.1989
  6960.9  1388.173825     1.1948    -0.2006
  6955.5  1388.198239     2.9472    -0.2021
  6950.1  1388.222653     5.3684    -0.2037
  6944.7  1388.247067     5.8037    -0.2052
  6939.3  1388.271481     2.5404    -0.2067
  6933.9  1388.295895     1.1090    -0.2082
  6928.5  1388.320309     1.3557    -0.2096
  6923.1  1388.344723    -0.1057    -0.2110
  6917.7  1388.369137    -1.3968    -0.2124
  6912.3  1388.393551    -1.4105    -0.2137
  6906.9  1388.417965    -1.1170    -0.2151
  6901.5  1388.442379    -1.7415    -0.2163
  6896.1  1388.466793    -2.5807    -0.2176
  6890.7  1388.491207    -1.0545    -0.2188
  6885.4  1388.515622     3.3684    -0.2200
  6880.0  1388.540036     4.9259    -0.2212
  6874.6  1388.564450     2.7758    -0.2223
  6869.2  1388.588864     2.9665    -0.2234
  6863.8  1388.613278     2.5725    -0.2245
  6858.4  1388.637692     0.9945    -0.2256
  6853.0  1388.662106     0.4590    -0.2266
  6847.6  1388.686520    -1.2667    -0.2276
  6842.2  1388.710934    -2.0783    -0.2286
  6836.8  1388.735348    -0.3573    -0.2296
  6831.4  1388.759762     4.0297    -0.2305
  6826.1  1388.784176     5.3070    -0.2314
  6820.7  1388.808590     0.4728    -0.2322
  6815.3  1388.833004     0.1296    -0.2331
  6809.9  1388.857418     0.8389    -0.2339
  6804.5  1388.881832    -0.2869    -0.2347
  6799.1  1388.906247     1.3677    -0.2355
  6793.7  1388.930661     1.8948    -0.2362
  6788.3  1388.955075     2.0121    -0.2369
  6782.9  1388.979489     2.6815    -0.2376
  6777.5  1389.003903     1.8561    -0.2383
  6772.2  1389.028317     0.8714    -0.2390
  6766.8  1389.052731     0.0696    -0.2396
  6761.4  1389.077145    -0.7326    -0.2402
  6756.0  1389.101559    -0.1950    -0.2408
  6750.6  1389.125973    -0.4263    -0.2413
  6745.2  1389.150387    -2.3724    -0.2419
  6739.8  1389.174801    -2.1365    -0.2424
  6734.4  1389.199215    -1.0300    -0.2429
  6729.1  1389.223629     0.0823    -0.2433
  6723.7  1389.248043     0.8583    -0.2438
  6718.3  1389.272457     1.8577    -0.2442
  6712.9  1389.296872     4.8317    -0.2446
  6707.5  1389.321286     2.7176    -0.2450
  6702.1  1389.345700    -3.4577    -0.2453
  6696.7  1389.370114    -3.6322    -0.2457
  6691.4  1389.394528    -0.7154    -0.2460
  6686.0  1389.418942     1.2295    -0.2463
  6680.6  1389.443356     3.4372    -0.2465
  6675.2  1389.467770     4.6756    -0.2468
  6669.8  1389.492184     4.1144    -0.2470
  6664.4  1389.516598     3.1573    -0.2472
  6659.0  1389.541012     1.0677    -0.2474
  6653.7  1389.565426    -1.1998    -0.2476
  6648.3  1389.589840    -0.7018    -0.2478
  6642.9  1389.614254     2.0793    -0.2479
  6637.5  1389.638668     0.6520    -0.2480
  6632.1  1389.663082    -4.1810    -0.2481
  6626.7  1389.687497    -2.7094    -0.2482
  6621.4  1389.711911     0.7664    -0.2483
  6616.0  1389.736325     0.0656    -0.2483
  6610.6  1389.760739    -3.1810    -0.2483
  6605.2  1389.785153    -4.5388    -0.2484
  6599.8  1389.809567    -3.1247    -0.2483
  6594.4  1389.833981    -2.6041    -0.2483
  6589.1  1389.858395    -2.7324    -0.2483
  6583.7  1389.882809    -2.7008    -0.2482
  6578.3  1389.907223    -0.9848    -0.2481
  6572.9  1389.931637     3.0901    -0.2481
  6567.5  1389.956051     4.2927    -0.2479
  6562.2  1389.980465     2.0013    -0.2478
  6556.8  1390.004879     0.9571    -0.2477
  6551.4  1390.029293     0.8429    -0.2475
  6546.0  1390.053707     2.4719    -0.2474
  6540.6  1390.078122     3.9822    -0.2472
  6535.3  1390.102536     1.7290    -0.2470
  6529.9  1390.126950    -0.0758    -0.2468
  6524.5  1390.151364     1.1757    -0.2465
  6519.1  1390.175778     1.7794    -0.2463
  6513.7  1390.200192     3.0347    -0.2460
  6508.4  1390.224606     6.4679    -0.2457
  6503.0  1390.249020     6.1525    -0.2455
  6497.6  1390.273434     1.0375    -0.2452
  6492.2  1390.297848    -4.2757    -0.2448
  6486.8  1390.322262    -5.2728    -0.2445
  6481.5  1390.346676    -1.3913    -0.2442
  6476.1  1390.371090     1.2208    -0.2438
  6470.7  1390.395504    -0.1388    -0.2435
  6465.3  1390.419918    -3.3120    -0.2431
  6460.0  1390.444332    -3.5996    -0.2427
  6454.6  1390.468747    -0.6745    -0.2423
  6449.2  1390.493161    -1.5069    -0.2419
  6443.8  1390.517575    -3.1220    -0.2414
  6438.4  1390.541989     0.7364    -0.2410
  6433.1  1390.566403     4.2259    -0.2405
  6427.7  1390.590817     1.7153    -0.2401
  6422.3  1390.615231    -3.5376    -0.2396
  6416.9  1390.639645    -6.3590    -0.2391
  6411.6  1390.664059    -2.9317    -0.2386
  6406.2  1390.688473     0.7334    -0.2381
  6400.8  1390.712887    -0.5182    -0.2376
  6395.4  1390.737301    -0.4075    -0.2371
  6390.1  1390.761715     2.5777    -0.2365
  6384.7  1390.786129     4.0335    -0.2360
  6379.3  1390.810543     3.1642    -0.2354
  6373.9  1390.834957     2.6196    -0.2348
  6368.6  1390.859372     0.8344    -0.2343
  6363.2  1390.883786    -2.9514    -0.2337
  6357.8  1390.908200    -3.4717    -0.2331
  6352.4  1390.932614    -1.1997    -0.2325
  6347.1  1390.957028    -0.1506    -0.2318
  6341.7  1390.981442    -1.3285    -0.2312
  6336.3  1391.005856    -1.6366    -0.2306
  6331.0  1391.030270    -1.3419    -0.2299
  6325.6  1391.054684    -4.1804    -0.2293
  6320.2  1391.079098    -5.6036    -0.2286
  6314.8  1391.103512    -1.7499    -0.2280
  6309.5  1391.127926     1.4651    -0.2273
  6304.1  1391.152340     1.9430    -0.2266
  6298.7  1391.176754     0.8422    -0.2259
  6293.4  1391.201168    -0.6044    -0.2252
  6288.0  1391.225582    -0.7248    -0.2245
  6282.6  1391.249997    -2.1079    -0.2238
  6277.2  1391.274411    -1.6246    -0.2231
  6271.9  1391.298825     0.9387    -0.2223
  6266.5  1391.323239     0.2940    -0.2216
  6261.1  1391.347653     0.2157    -0.2209
  6255.8  1391.372067     0.7211    -0.2201
  6250.4  1391.396481    -1.6458    -0.2194
  6245.0  1391.420895    -4.6115    -0.2186
  6239.6  1391.445309    -4.7817    -0.2179
  6234.3  1391.469723    -1.8204    -0.2171
  6228.9  1391.494137    -0.5393    -0.2163
  6223.5  1391.518551    -1.1946    -0.2155
  6218.2  1391.542965     0.9046    -0.2147
  6212.8  1391.567379     4.1206    -0.2139
  6207.4  1391.591793     4.3996    -0.2132
  6202.1  1391.616207     3.7626    -0.2124
  6196.7  1391.640622     4.3132    -0.2115
  6191.3  1391.665036     2.7253    -0.2107
  6186.0  1391.689450    -2.1727    -0.2099
  6180.6  1391.713864    -2.9448    -0.2091
  6175.2  1391.738278     0.5620    -0.2083
  6169.9  1391.762692     2.4897    -0.2074
  6164.5  1391.787106    -0.3947    -0.2066
  6159.1  1391.811520    -3.1897    -0.2058
  6153.8  1391.835934    -0.7437    -0.2049
  6148.4  1391.860348     2.6985    -0.2041
  6143.0  1391.884762     3.1734    -0.2033
  6137.7  1391.909176     0.8184    -0.2024
  6132.3  1391.933590    -0.5659    -0.2016
  6126.9  1391.958004     1.2288    -0.2007
  6121.6  1391.982418     0.9887    -0.1998
  6116.2  1392.006832    -3.1414    -0.1990
  6110.8  1392.031247    -6.2883    -0.1981
  6105.5  1392.055661    -6.2188    -0.1972
  6100.1  1392.080075    -3.1033    -0.1964
  6094.7  1392.104489    -1.3916    -0.1955
  6089.4  1392.128903    -1.5555    -0.1946
  6084.0  1392.153317     0.5573    -0.1938
  6078.6  1392.177731     1.3716    -0.1929
  6073.3  1392.202145     2.0137    -0.1920
  6067.9  1392.226559     1.6966    -0.1911
  6062.6  1392.250973     0.2428    -0.1902
  6057.2  1392.275387     1.3651    -0.1894
  6051.8  1392.299801    -1.2770    -0.1885
  6046.5  1392.324215    -3.7101    -0.1876
  6041.1  1392.348629     1.1448    -0.1867
  6035.7  1392.373043     3.4909    -0.1858
  6030.4  1392.397457     1.8242    -0.1849
  6025.0  1392.421872     1.8360    -0.1841
  6019.7  1392.446286     2.7116    -0.1832
  6014.3  1392.470700     1.3116    -0.1823
  6008.9  1392.495114    -0.9445    -0.1814
  6003.6  1392.519528     0.0194    -0.1805
  5998.2  1392.543942     1.0157    -0.1796
  5992.8  1392.568356    -0.4209    -0.1787
  5987.5  1392.592770    -1.6807    -0.1778
  5982.1  1392.617184    -0.3482    -0.1770
  5976.8  1392.641598     2.6425    -0.1761
  5971.4  1392.666012     3.4509    -0.1752
  5966.0  1392.690426     2.1869    -0.1743
  5960.7  1392.714840    -0.0514    -0.1734
  5955.3  1392.739254    -2.3029    -0.1725
  5950.0  1392.763668    -2.9934    -0.1716
  5944.6  1392.788082    -2.6978    -0.1708
  5939.2  1392.812497    -4.8163    -0.1699
  5933.9  1392.836911    -4.8467    -0.1690
  5928.5  1392.861325    -0.0769    -0.1681
  5923.2  1392.885739     2.5106    -0.1672
  5917.8  1392.910153     2.1045    -0.1664
  5912.5  1392.934567     1.6865    -0.1655
  5907.1  1392.958981    -0.7205    -0.1646
  5901.7  1392.983395    -2.3457    -0.1638
  5896.4  1393.007809    -0.2590    -0.1629
  5891.0  1393.032223    -0.5492    -0.1620
  5885.7  1393.056637    -4.0608    -0.1612
  5880.3  1393.081051    -1.8256    -0.1603
  5874.9  1393.105465     3.0302    -0.1595
  5869.6  1393.129879     1.9409    -0.1586
  5864.2  1393.154293    -1.6681    -0.1577
  5858.9  1393.178707    -0.4574    -0.1569
  5853.5  1393.203122     0.8009    -0.1561
  5848.2  1393.227536    -1.8352    -0.1552
  5842.8  1393.251950    -2.2821    -0.1544
  5837.5  1393.276364    -1.0236    -0.1535
  5832.1  1393.300778    -0.9535    -0.1527
  5826.7  1393.325192    -1.0124    -0.1519
  5821.4  1393.349606    -1.1327    -0.1510
  5816.0  1393.374020    -1.0105    -0.1502
  5810.7  1393.398434    -1.3222    -0.1494
  5805.3  1393.422848     0.1383    -0.1486
  5800.0  1393.447262     0.6751    -0.1478
  5794.6  1393.471676     0.2905    -0.1470
  5789.3  1393.496090     3.5199    -0.1462
  5783.9  1393.520504     4.5031    -0.1454
  5778.6  1393.544918     0.9412    -0.1446
  5773.2  1393.569332    -2.1413    -0.1438
  5767.9  1393.593747    -3.2230    -0.1430
  5762.5  1393.618161     0.3502    -0.1422
  5757.1  1393.642575     0.8924    -0.1414
  5751.8  1393.666989    -2.7815    -0.1407
  5746.4  1393.691403    -2.3431    -0.1399
  5741.1  1393.715817     0.1531    -0.1391
  5735.7  1393.740231     1.5202    -0.1384
  5730.4  1393.764645     0.5090    -0.1376
  5725.0  1393.789059    -0.7045    -0.1369
  5719.7  1393.813473     0.6639    -0.1361
  5714.3  1393.837887     3.2012    -0.1354
  5709.0  1393.862301     6.0222    -0.1347
  5703.6  1393.886715     3.5035    -0.1339
  5698.3  1393.911129    -2.8167    -0.1332
  5692.9  1393.935543    -2.0655    -0.1325
  5687.6  1393.959957     2.8301    -0.1318
  5682.2  1393.984372     3.8117    -0.1311
  5676.9  1394.008786     3.8465    -0.1304
  5671.5  1394.033200     3.9037    -0.1297
  5666.2  1394.057614     3.3048    -0.1290
  5660.8  1394.082028     2.7318    -0.1283
  5655.5  1394.106442     1.1705    -0.1277
  5650.1  1394.130856     1.5546    -0.1270
  5644.8  1394.155270     2.4197    -0.1263
  5639.4  1394.179684    -0.5820    -0.1257
  5634.1  1394.204098    -1.3613    -0.1250
  5628.7  1394.228512    -1.8291    -0.1244
  5623.4  1394.252926    -6.3383    -0.1238
  5618.0  1394.277340    -6.0768    -0.1231
  5612.7  1394.301754     0.1698    -0.1225
  5607.3  1394.326168     2.7226    -0.1219
  5602.0  1394.350582    -0.7509    -0.1213
  5596.6  1394.374997    -3.7352    -0.1207
  5591.3  1394.399411    -3.4640    -0.1201
  5586.0  1394.423825    -2.3649    -0.1195
  5580.6  1394.448239    -1.1792    -0.1189
  5575.3  1394.472653     1.7573    -0.1183
  5569.9  1394.497067     3.4146    -0.1178
  5564.6  1394.521481     0.3434    -0.1172
  5559.2  1394.545895    -2.3736    -0.1166
  5553.9  1394.570309    -3.3762    -0.1161
  5548.5  1394.594723    -1.6062    -0.1156
  5543.2  1394.619137    -0.3185    -0.1150
  5537.8  1394.643551    -0.9092    -0.1145
  5532.5  1394.667965     1.5217    -0.1140
  5527.2  1394.692379     4.1263    -0.1135
  5521.8  1394.716793     2.8729    -0.1130
  5516.5  1394.741207    -0.0119    -0.1125
  5511.1  1394.765622     1.1234    -0.1120
  5505.8  1394.790036     3.2408    -0.1115
  5500.4  1394.814450     2.5159    -0.1111
  5495.1  1394.838864     1.5874    -0.1106
  5489.7  1394.863278     1.6732    -0.1101
  5484.4  1394.887692     0.9069    -0.1097
  5479.1  1394.912106    -2.6884    -0.1093
  5473.7  1394.936520    -4.5511    -0.1088
  5468.4  1394.960934    -1.6292    -0.1084
  5463.0  1394.985348     2.1418    -0.1080
  5457.7  1395.009762     0.1204    -0.1076
  5452.3  1395.034176    -3.6947    -0.1072
  5447.0  1395.058590    -3.5876    -0.1068
  5441.7  1395.083004    -2.1307    -0.1064
  5436.3  1395.107418    -1.5856    -0.1061
  5431.0  1395.131832    -1.7979    -0.1057
  5425.6  1395.156247    -1.6285    -0.1053
  5420.3  1395.180661    -0.8494    -0.1050
  5415.0  1395.205075    -1.6175    -0.1047
  5409.6  1395.229489    -2.9539    -0.1043
  5404.3  1395.253903    -1.4769    -0.1040
  5398.9  1395.278317     0.6274    -0.1037
  5393.6  1395.302731     0.9733    -0.1034
  5388.3  1395.327145     1.9604    -0.1031
  5382.9  1395.351559     2.8223    -0.1028
  5377.6  1395.375973     1.0651    -0.1025
  5372.2  1395.400387    -0.3746    -0.1023
  5366.9  1395.424801     1.0081    -0.1020
  5361.6  1395.449215     2.1364    -0.1018
  5356.2  1395.473629     1.6973    -0.1015
  5350.9  1395.498043    -0.9731    -0.1013
  5345.5  1395.522457    -2.4320    -0.1011
  5340.2  1395.546872    -2.3996    -0.1009
  5334.9  1395.571286    -3.0610    -0.1007
  5329.5  1395.595700    -1.0780    -0.1005
  5324.2  1395.620114     2.7776    -0.1003
  5318.9  1395.644528     0.9969    -0.1001
  5313.5  1395.668942    -0.7940    -0.0999
  5308.2  1395.693356     3.5093    -0.0998
  5302.8  1395.717770     4.7846    -0.0996
  5297.5  1395.742184     1.6043    -0.0995
  5292.2  1395.766598     0.1873    -0.0994
  5286.8  1395.791012    -0.3489    -0.0992
  5281.5  1395.815426    -1.1535    -0.0991
  5276.2  1395.839840    -0.5162    -0.0990
  5270.8  1395.864254     2.2971    -0.0989
  5265.5  1395.888668     4.5403    -0.0989
  5260.2  1395.913082     1.8870    -0.0988
  5254.8  1395.937497    -2.0621    -0.0987
  5249.5  1395.961911    -1.9103    -0.0987
  5244.2  1395.986325    -0.9840    -0.0986
  5238.8  1396.010739    -3.3866    -0.0986
  5233.5  1396.035153    -4.8735    -0.0986
  5228.1  1396.059567    -2.4974    -0.0986
  5222.8  1396.083981    -1.0961    -0.0986
  5217.5  1396.108395    -2.4263    -0.0986
  5212.1  1396.132809    -1.5124    -0.0986
  5206.8  1396.157223     0.0961    -0.0986
  5201.5  1396.181637    -0.8422    -0.0986
  5196.1  1396.206051    -0.6134    -0.0987
  5190.8  1396.230465     2.1900    -0.0987
  5185.5  1396.254879     4.2232    -0.0988
  5180.1  1396.279293     1.4996    -0.0989
  5174.8  1396.303707    -2.8335    -0.0990
  5169.5  1396.328122    -3.0983    -0.0990
  5164.2  1396.352536     0.1345    -0.0991
  5158.8  1396.376950     3.4063    -0.0993
  5153.5  1396.401364     2.9135    -0.0994
  5148.2  1396.425778    -0.4801    -0.0995
  5142.8  1396.450192    -1.3958    -0.0997
  5137.5  1396.474606     0.6365    -0.0998
  5132.2  1396.499020     2.5345    -0.1000
  5126.8  1396.523434     3.1825    -0.1001
  5121.5  1396.547848     2.5027    -0.1003
  5116.2  1396.572262     0.1416    -0.1005
  5110.8  1396.596676    -2.2740    -0.1007
  5105.5  1396.621090    -2.7692    -0.1009
  5100.2  1396.645504    -1.9565    -0.1011
  5094.9  1396.669918    -0.2875    -0.1014
  5089.5  1396.694332     1.3945    -0.1016
  5084.2  1396.718747    -0.3226    -0.1019
  5078.9  1396.743161    -0.7116    -0.1021
  5073.5  1396.767575     0.6593    -0.1024
  5068.2  1396.791989     0.1595    -0.1027
  5062.9  1396.816403     0.7205    -0.1030
  5057.6  1396.840817     0.2195    -0.1033
  5052.2  1396.865231    -0.3050    -0.1036
  5046.9  1396.889645     0.8688    -0.1039
  5041.6  1396.914059    -0.4611    -0.1042
  5036.2  1396.938473    -1.4616    -0.1046
  5030.9  1396.962887    -1.0215    -0.1049
  5025.6  1396.987301    -1.6496    -0.1053
  5020.3  1397.011715    -3.6356    -0.1056
  5014.9  1397.036129    -4.6164    -0.1060
  5009.6  1397.060543    -4.3399    -0.1064
  5004.3  1397.084957    -2.4421    -0.1068
  4999.0  1397.109372    -0.5538    -0.1072
  4993.6  1397.133786    -1.0329    -0.1076
  4988.3  1397.158200    -0.7565    -0.1080
  4983.0  1397.182614     1.8942    -0.1085
  4977.6  1397.207028     2.2848    -0.1089
  4972.3  1397.231442    -0.7122    -0.1094
  4967.0  1397.255856    -4.5308    -0.1098
  4961.7  1397.280270    -6.5425    -0.1103
  4956.3  1397.304684    -7.2193    -0.1108
  4951.0  1397.329098    -5.8371    -0.1113
  4945.7  1397.353512    -1.8160    -0.1118
  4940.4  1397.377926     1.7589    -0.1123
  4935.1  1397.402340     3.3418    -0.1128
  4929.7  1397.426754     2.4550    -0.1134
  4924.4  1397.451168     1.7426    -0.1139
  4919.1  1397.475582     1.2928    -0.1145
  4913.8  1397.499997     1.5598    -0.1150
  4908.4  1397.524411     2.8112    -0.1156
  4903.1  1397.548825     2.4073    -0.1162
  4897.8  1397.573239     1.4139    -0.1167
  4892.5  1397.597653    -0.7718    -0.1173
  4887.1  1397.622067    -3.3812    -0.1180
  4881.8  1397.646481    -3.9756    -0.1186
  4876.5  1397.670895    -2.5064    -0.1192
  4871.2  1397.695309     0.1123    -0.1198
  4865.9  1397.719723     0.8716    -0.1205
  4860.5  1397.744137     0.0055    -0.1211
  4855.2  1397.768551    -0.0607    -0.1218
  4849.9  1397.792965    -0.2131    -0.1225
  4844.6  1397.817379     0.8071    -0.1231
  4839.3  1397.841793     3.4469    -0.1238
  4833.9  1397.866207     4.1908    -0.1245
  4828.6  1397.890622     2.0510    -0.1252
  4823.3  1397.915036     0.1996    -0.1259
  4818.0  1397.939450    -0.3053    -0.1267
  4812.7  1397.963864     0.2909    -0.1274
  4807.3  1397.988278     1.9873    -0.1281
  4802.0  1398.012692     2.9549    -0.1289
  4796.7  1398.037106    -1.5417    -0.1297
  4791.4  1398.061520    -5.3232    -0.1304
  4786.1  1398.085934    -1.4152    -0.1312
  4780.7  1398.110348     3.6415    -0.1320
  4775.4  1398.134762     4.3765    -0.1328
  4770.1  1398.159176     3.1179    -0.1336
  4764.8  1398.183590     2.8723    -0.1344
  4759.5  1398.208004     2.7157    -0.1352
  4754.1  1398.232418     1.1925    -0.1360
  4748.8  1398.256832    -0.4197    -0.1369
  4743.5  1398.281247    -2.6849    -0.1377
  4738.2  1398.305661    -1.7494    -0.1386
  4732.9  1398.330075     1.8472    -0.1394
  4727.6  1398.354489     2.1316    -0.1403
  4722.2  1398.378903     2.4258    -0.1412
  4716.9  1398.403317     2.0369    -0.1421
  4711.6  1398.427731     0.2390    -0.1430
  4706.3  1398.452145     2.2127    -0.1439
  4701.0  1398.476559     2.9195    -0.1448
  4695.7  1398.500973     0.9480    -0.1457
  4690.3  1398.525387    -0.7376    -0.1466
  4685.0  1398.549801    -1.4127    -0.1476
  4679.7  1398.574215    -1.2776    -0.1485
  4674.4  1398.598629    -2.0139    -0.1494
  4669.1  1398.623043    -3.6829    -0.1504
  4663.8  1398.647457    -3.6332    -0.1514
  4658.5  1398.671872    -1.6179    -0.1523
  4653.1  1398.696286     1.3093    -0.1533
  4647.8  1398.720700     2.9611    -0.1543
  4642.5  1398.745114     3.4183    -0.1553
  4637.2  1398.769528     4.0300    -0.1563
  4631.9  1398.793942     3.3442    -0.1573
  4626.6  1398.818356     2.0083    -0.1583
  4621.3  1398.842770     0.8399    -0.1593
  4616.0  1398.867184    -0.4779    -0.1604
  4610.6  1398.891598    -0.6231    -0.1614
  4605.3  1398.916012     0.1436    -0.1624
  4600.0  1398.940426    -0.9692    -0.1635
  4594.7  1398.964840    -3.6646    -0.1645
  4589.4  1398.989254    -3.9325    -0.1656
  4584.1  1399.013668    -1.0049    -0.1667
  4578.8  1399.038082     1.0963    -0.1677
  4573.5  1399.062497     1.4447    -0.1688
  4568.1  1399.086911    -1.0422    -0.1699
  4562.8  1399.111325    -4.3178    -0.1710
  4557.5  1399.135739    -2.6754    -0.1721
  4552.2  1399.160153     0.0644    -0.1732
  4546.9  1399.184567     1.6607    -0.1743
  4541.6  1399.208981     2.5459    -0.1755
  4536.3  1399.233395     2.3004    -0.1766
  4531.0  1399.257809     2.4945    -0.1777
  4525.7  1399.282223     4.0075    -0.1788
  4520.4  1399.306637     4.3903    -0.1800
  4515.0  1399.331051     2.6290    -0.1811
  4509.7  1399.355465     0.8032    -0.1823
  4504.4  1399.379879     1.2835    -0.1835
  4499.1  1399.404293     3.6168    -0.1846
  4493.8  1399.428707     4.1135    -0.1858
  4488.5  1399.453122     2.4096    -0.1870
  4483.2  1399.477536     0.7050    -0.1881
  4477.9  1399.501950    -0.2783    -0.1893
  4472.6  1399.526364     0.9185    -0.1905
  4467.3  1399.550778     2.1929    -0.1917
  4462.0  1399.575192     1.8675    -0.1929
  4456.7  1399.599606     2.6421    -0.1941
  4451.3  1399.624020     3.6778    -0.1953
  4446.0  1399.648434     0.1636    -0.1965
  4440.7  1399.672848    -2.0862    -0.1978
  4435.4  1399.697262     1.9191    -0.1990
  4430.1  1399.721676     3.2793    -0.2002
  4424.8  1399.746090     0.0174    -0.2015
  4419.5  1399.770504    -1.0154    -0.2027
  4414.2  1399.794918    -0.8187    -0.2039
  4408.9  1399.819332    -1.3887    -0.2052
  4403.6  1399.843747    -2.8680    -0.2064
  4398.3  1399.868161    -3.8999    -0.2077
  4393.0  1399.892575    -2.2858    -0.2089
  4387.7  1399.916989    -0.5691    -0.2102
  4382.4  1399.941403    -1.0980    -0.2115
  4377.1  1399.965817    -1.1236    -0.2127
  4371.8  1399.990231     0.3954    -0.2140
  4366.5  1400.014645     1.0194    -0.2153
  4361.2  1400.039059     0.9488    -0.2165
  4355.8  1400.063473     1.5504    -0.2178
  4350.5  1400.087887     2.7688    -0.2191
  4345.2  1400.112301     2.1396    -0.2204
  4339.9  1400.136715    -1.6105    -0.2217
  4334.6  1400.161129    -3.3707    -0.2230
  4329.3  1400.185543    -2.1134    -0.2243
  4324.0  1400.209957    -0.7243    -0.2256
  4318.7  1400.234372    -2.0332    -0.2269
  4313.4  1400.258786    -4.0618    -0.2282
  4308.1  1400.283200    -3.0135    -0.2295
  4302.8  1400.307614    -2.5727    -0.2308
  4297.5  1400.332028    -2.2642    -0.2321
  4292.2  1400.356442     1.2390    -0.2334
  4286.9  1400.380856     2.6391    -0.2347
  4281.6  1400.405270     2.6221    -0.2360
  4276.3  1400.429684     0.2248    -0.2373
  4271.0  1400.454098    -2.3062    -0.2386
  4265.7  1400.478512    -0.7979    -0.2400
  4260.4  1400.502926    -1.0903    -0.2413
  4255.1  1400.527340    -2.8628    -0.2426
  4249.8  1400.551754    -2.6341    -0.2439
  4244.5  1400.576168    -0.1044    -0.2452
  4239.2  1400.600582     1.2536    -0.2465
  4233.9  1400.624997    -0.2057    -0.2479
  4228.6  1400.649411    -0.0241    -0.2492
  4223.3  1400.673825     3.2327    -0.2505
  4218.0  1400.698239     6.0808    -0.2518
  4212.7  1400.722653     2.4275    -0.2532
  4207.4  1400.747067    -1.8421    -0.2545
  4202.1  1400.771481    -0.7020    -0.2558
  4196.8  1400.795895     1.8752    -0.2571
  4191.5  1400.820309     2.0210    -0.2585
  4186.2  1400.844723     0.1367    -0.2598
  4180.9  1400.869137    -0.6333    -0.2611
  4175.6  1400.893551     0.7488    -0.2624
  4170.3  1400.917965     1.8776    -0.2637
  4165.0  1400.942379     0.3201    -0.2651
  4159.7  1400.966793    -0.5839    -0.2664
  4154.4  1400.991207     1.4866    -0.2677
  4149.1  1401.015622     0.3433    -0.2690
  4143.8  1401.040036    -2.1076    -0.2703
  4138.6  1401.064450    -1.4751    -0.2717
  4133.3  1401.088864    -1.1705    -0.2730
  4128.0  1401.113278    -2.8538    -0.2743
  4122.7  1401.137692    -3.0190    -0.2756
  4117.4  1401.162106    -1.7731    -0.2769
  4112.1  1401.186520    -2.0064    -0.2782
  4106.8  1401.210934    -2.2459    -0.2795
  4101.5  1401.235348    -0.8189    -0.2808
  4096.2  1401.259762     3.5689    -0.2821
  4090.9  1401.284176     8.9343    -0.2834
  4085.6  1401.308590    10.1745    -0.2847
  4080.3  1401.333004    10.4205    -0.2860
  4075.0  1401.357418    11.1889    -0.2873
  4069.7  1401.381832    11.3790    -0.2885
  4064.4  1401.406247    11.0213    -0.2898
  4059.1  1401.430661    10.1109    -0.2911
  4053.8  1401.455075     7.3184    -0.2924
  4048.5  1401.479489     4.9883    -0.2936
  4043.3  1401.503903     8.2340    -0.2949
  4038.0  1401.528317    10.9993    -0.2962
  4032.7  1401.552731     8.1635    -0.2974
  4027.4  1401.577145     7.4930    -0.2987
  4022.1  1401.601559    10.1771    -0.2999
  4016.8  1401.625973     9.7612    -0.3012
  4011.5  1401.650387     5.0261    -0.3024
  4006.2  1401.674801     2.2834    -0.3036
  4000.9  1401.699215     3.6233    -0.3049
  3995.6  1401.723629     5.1467    -0.3061
  3990.3  1401.748043     5.4158    -0.3073
  3985.0  1401.772457     6.5204    -0.3085
  3979.8  1401.796872     8.8855    -0.3097
  3974.5  1401.821286     7.5700    -0.3109
  3969.2  1401.845700     5.0471    -0.3121
  3963.9  1401.870114     6.8163    -0.3133
  3958.6  1401.894528     8.6978    -0.3145
  3953.3  1401.918942     7.9576    -0.3157
  3948.0  1401.943356     7.1658    -0.3169
  3942.7  1401.967770     8.8053    -0.3180
  3937.4  1401.992184    11.5549    -0.3192
  3932.1  1402.016598    12.2370    -0.3203
  3926.9  1402.041012    11.2687    -0.3215
  3921.6  1402.065426     9.8892    -0.3226
  3916.3  1402.089840     6.3051    -0.3238
  3911.0  1402.114254     5.0842    -0.3249
  3905.7  1402.138668     8.1538    -0.3260
  3900.4  1402.163082     7.9014    -0.3271
  3895.1  1402.187497     3.0627    -0.3282
  3889.8  1402.211911     1.5038    -0.3293
  3884.6  1402.236325     0.7697    -0.3304
  3879.3  1402.260739    -1.7540    -0.3314
  3874.0  1402.285153    -2.9118    -0.3325
  3868.7  1402.309567    -2.2748    -0.3336
  3863.4  1402.333981    -0.5200    -0.3346
  3858.1  1402.358395    -0.1485    -0.3357
  3852.8  1402.382809    -1.3425    -0.3367
  3847.5  1402.407223     0.4451    -0.3377
  3842.3  1402.431637     4.1161    -0.3387
  3837.0  1402.456051     4.4139    -0.3397
  3831.7  1402.480465     2.6758    -0.3407
  3826.4  1402.504879     2.6301    -0.3417
  3821.1  1402.529293     1.7047    -0.3427
  3815.8  1402.553707     0.5536    -0.3436
  3810.5  1402.578122    -0.9545    -0.3446
  3805.3  1402.602536    -3.2692    -0.3455
  3800.0  1402.626950    -3.2888    -0.3464
  3794.7  1402.651364    -2.2020    -0.3474
  3789.4  1402.675778    -3.0428    -0.3483
  3784.1  1402.700192    -2.6824    -0.3492
  3778.8  1402.724606    -3.7294    -0.3500
  3773.6  1402.749020    -5.8525    -0.3509
  3768.3  1402.773434    -2.3156    -0.3518
  3763.0  1402.797848     1.9007    -0.3526
  3757.7  1402.822262     3.1925    -0.3534
  3752.4  1402.846676     2.2386    -0.3543
  3747.1  1402.871090     0.2906    -0.3551
  3741.9  1402.895504    -0.1168    -0.3559
  3736.6  1402.919918     1.4049    -0.3567
  3731.3  1402.944332     4.7080    -0.3574
  3726.0  1402.968747     5.2552    -0.3582
  3720.7  1402.993161     2.7790    -0.3589
  3715.5  1403.017575     0.3428    -0.3597
  3710.2  1403.041989     0.2407    -0.3604
  3704.9  1403.066403     1.1961    -0.3611
  3699.6  1403.090817     1.0702    -0.3618
  3694.3  1403.115231     1.0671    -0.3624
  3689.0  1403.139645     0.2235    -0.3631
  3683.8  1403.164059    -1.4616    -0.3637
  3678.5  1403.188473    -0.6481    -0.3644
  3673.2  1403.212887    -0.3264    -0.3650
  3667.9  1403.237301    -1.3517    -0.3656
  3662.6  1403.261715    -2.6542    -0.3662
  3657.4  1403.286129    -2.2641    -0.3667
  3652.1  1403.310543     2.1670    -0.3673
  3646.8  1403.334957     3.3712    -0.3678
  3641.5  1403.359372    -0.0018    -0.3683
  3636.3  1403.383786    -0.3325    -0.3688
  3631.0  1403.408200     2.1835    -0.3693
  3625.7  1403.432614     4.7463    -0.3698
  3620.4  1403.457028     1.6480    -0.3702
  3615.1  1403.481442    -3.5274    -0.3707
  3609.9  1403.505856    -2.3098    -0.3711
  3604.6  1403.530270    -0.5098    -0.3715
  3599.3  1403.554684    -1.6929    -0.3719
  3594.0  1403.579098    -2.5295    -0.3722
  3588.8  1403.603512    -1.6604    -0.3726
  3583.5  1403.627926     1.6704    -0.3729
  3578.2  1403.652340     2.8045    -0.3732
  3572.9  1403.676754     1.1409    -0.3735
  3567.6  1403.701168    -0.9359    -0.3738
  3562.4  1403.725582    -3.5286    -0.3740
  3557.1  1403.749997    -5.6294    -0.3742
  3551.8  1403.774411    -3.4948    -0.3745
  3546.5  1403.798825    -0.4526    -0.3746
  3541.3  1403.823239     0.1248    -0.3748
  3536.0  1403.847653    -1.4295    -0.3750
  3530.7  1403.872067    -3.4739    -0.3751
  3525.4  1403.896481     1.3817    -0.3752
  3520.2  1403.920895     5.2008    -0.3753
  3514.9  1403.945309     0.2127    -0.3754
  3509.6  1403.969723    -2.3055    -0.3754
  3504.3  1403.994137     1.3924    -0.3754
  3499.1  1404.018551     5.3097    -0.3754
  3493.8  1404.042965     2.6361    -0.3754
  3488.5  1404.067379    -1.8202    -0.3754
  3483.3  1404.091793    -1.1176    -0.3753
  3478.0  1404.116207     1.9373    -0.3752
  3472.7  1404.140622     3.4360    -0.3751
  3467.4  1404.165036     3.1340    -0.3750
  3462.2  1404.189450     2.4898    -0.3748
  3456.9  1404.213864     1.9861    -0.3747
  3451.6  1404.238278     1.9092    -0.3745
  3446.3  1404.262692     4.9426    -0.3742
  3441.1  1404.287106     4.6473    -0.3740
  3435.8  1404.311520    -0.7544    -0.3737
  3430.5  1404.335934    -1.1849    -0.3734
  3425.3  1404.360348     0.5482    -0.3731
  3420.0  1404.384762     2.3734    -0.3727
  3414.7  1404.409176     4.0964    -0.3724
  3409.4  1404.433590     3.9927    -0.3720
  3404.2  1404.458004     3.3057    -0.3715
  3398.9  1404.482418     0.8376    -0.3711
  3393.6  1404.506832     0.5052    -0.3706
  3388.4  1404.531247     0.2341    -0.3701
  3383.1  1404.555661    -0.3731    -0.3696
  3377.8  1404.580075     0.0979    -0.3690
  3372.6  1404.604489     2.8985    -0.3684
  3367.3  1404.628903     7.5815    -0.3678
  3362.0  1404.653317     6.0610    -0.3672
  3356.7  1404.677731    -0.1917    -0.3665
  3351.5  1404.702145    -0.9004    -0.3658
  3346.2  1404.726559     1.7641    -0.3651
  3340.9  1404.750973     2.4402    -0.3644
  3335.7  1404.775387     1.9872    -0.3636
  3330.4  1404.799801     1.8771    -0.3628
  3325.1  1404.824215    -1.9684    -0.3620
  3319.9  1404.848629    -2.3223    -0.3611
  3314.6  1404.873043    -2.3358    -0.3602
  3309.3  1404.897457    -2.5518    -0.3593
  3304.1  1404.921872     0.7188    -0.3583
  3298.8  1404.946286     4.6443    -0.3573
  3293.5  1404.970700     4.2288    -0.3563
  3288.3  1404.995114    -0.8574    -0.3553
  3283.0  1405.019528    -2.1456    -0.3542
  3277.7  1405.043942     3.5556    -0.3531
  3272.5  1405.068356     2.8592    -0.3520
  3267.2  1405.092770    -6.4091    -0.3508
  3261.9  1405.117184    -9.2598    -0.3496
  3256.7  1405.141598    -3.3596    -0.3484
  3251.4  1405.166012    -2.6599    -0.3471
  3246.1  1405.190426    -7.8485    -0.3458
  3240.9  1405.214840    -6.0801    -0.3445
  3235.6  1405.239254     0.5249    -0.3431
  3230.3  1405.263668     3.4916    -0.3417
  3225.1  1405.288082     4.4655    -0.3403
  3219.8  1405.312497     2.5183    -0.3388
  3214.6  1405.336911     1.3166    -0.3373
  3209.3  1405.361325     1.0744    -0.3358
  3204.0  1405.385739    -0.2877    -0.3342
  3198.8  1405.410153     0.4702    -0.3326
  3193.5  1405.434567     3.8444    -0.3310
  3188.2  1405.458981     3.5236    -0.3293
  3183.0  1405.483395     1.2872    -0.3276
  3177.7  1405.507809     2.7829    -0.3258
  3172.4  1405.532223     4.3730    -0.3241
  3167.2  1405.556637     1.8109    -0.3223
  3161.9  1405.581051    -1.6013    -0.3204
  3156.7  1405.605465    -1.0852    -0.3185
  3151.4  1405.629879     3.0525    -0.3166
  3146.1  1405.654293     2.9654    -0.3146
  3140.9  1405.678707    -2.3806    -0.3126
  3135.6  1405.703122    -3.9594    -0.3106
  3130.4  1405.727536    -1.1032    -0.3085
  3125.1  1405.751950    -0.1768    -0.3064
  3119.8  1405.776364    -0.5776    -0.3042
  3114.6  1405.800778    -0.0072    -0.3020
  3109.3  1405.825192     1.3144    -0.2998
  3104.0  1405.849606     0.1355    -0.2975
  3098.8  1405.874020    -1.3174    -0.2952
  3093.5  1405.898434    -1.3143    -0.2929
  3088.3  1405.922848    -0.8787    -0.2905
  3083.0  1405.947262    -0.2433    -0.2881
  3077.8  1405.971676     1.0005    -0.2856
  3072.5  1405.996090     2.3571    -0.2831
  3067.2  1406.020504     2.0271    -0.2805
  3062.0  1406.044918     0.5875    -0.2779
  3056.7  1406.069332     0.7355    -0.2753
  3051.5  1406.093747     1.7950    -0.2726
  3046.2  1406.118161     2.1510    -0.2699
  3040.9  1406.142575    -0.6724    -0.2671
  3035.7  1406.166989    -2.3425    -0.2643
  3030.4  1406.191403    -3.2668    -0.2615
  3025.2  1406.215817    -3.5509    -0.2586
  3019.9  1406.240231    -1.2646    -0.2556
  3014.7  1406.264645    -0.2517    -0.2527
  3009.4  1406.289059     0.7109    -0.2496
  3004.1  1406.313473     1.7581    -0.2466
  2998.9  1406.337887    -1.1466    -0.2435
  2993.6  1406.362301    -2.8667    -0.2403
  2988.4  1406.386715    -2.7006    -0.2371
  2983.1  1406.411129    -3.1065    -0.2338
  2977.9  1406.435543    -1.0782    -0.2305
  2972.6  1406.459957     1.5105    -0.2272
  2967.3  1406.484372     2.0408    -0.2238
  2962.1  1406.508786     3.6722    -0.2204
  2956.8  1406.533200     6.4329    -0.2169
  2951.6  1406.557614     4.4554    -0.2134
  2946.3  1406.582028    -2.6864    -0.2098
  2941.1  1406.606442    -3.3710    -0.2062
  2935.8  1406.630856    -1.7649    -0.2025
  2930.6  1406.655270    -3.1200    -0.1988
  2925.3  1406.679684    -0.1994    -0.1950
  2920.1  1406.704098     3.8184    -0.1912
  2914.8  1406.728512     2.0443    -0.1873
  2909.5  1406.752926    -0.7102    -0.1834
  2904.3  1406.777340    -1.3291    -0.1794
  2899.0  1406.801754    -2.0666    -0.1754
  2893.8  1406.826168    -2.7759    -0.1714
  2888.5  1406.850582    -1.5955    -0.1672
  2883.3  1406.874997    -0.2590    -0.1631
  2878.0  1406.899411     2.8229    -0.1589
  2872.8  1406.923825     5.5579    -0.1546
  2867.5  1406.948239     2.5764    -0.1503
  2862.3  1406.972653    -0.3183    -0.1459
  2857.0  1406.997067     0.7377    -0.1415
  2851.8  1407.021481    -2.1420    -0.1370
  2846.5  1407.045895    -4.7510    -0.1324
  2841.3  1407.070309    -2.6711    -0.1279
  2836.0  1407.094723    -2.8715    -0.1232
  2830.8  1407.119137    -3.1144    -0.1185
  2825.5  1407.143551     1.5174    -0.1138
  2820.3  1407.167965     4.3376    -0.1090
  2815.0  1407.192379     2.0950    -0.1041
  2809.8  1407.216793    -0.8364    -0.0992
  2804.5  1407.241207    -0.3934    -0.0942
  2799.3  1407.265622    -1.1027    -0.0892
  2794.0  1407.290036    -1.1492    -0.0841
  2788.8  1407.314450    -1.2267    -0.0790
  2783.5  1407.338864    -3.3338    -0.0738
  2778.3  1407.363278    -2.8757    -0.0686
  2773.0  1407.387692    -0.7752    -0.0633
  2767.8  1407.412106     1.8756    -0.0579
  2762.5  1407.436520     4.0929    -0.0525
  2757.3  1407.460934     3.4334    -0.0470
  2752.0  1407.485348     1.5910    -0.0415
  2746.8  1407.509762    -1.7547    -0.0359
  2741.5  1407.534176    -2.9069    -0.0302
  2736.3  1407.558590    -2.0646    -0.0245
  2731.0  1407.583004    -0.4013    -0.0187
  2725.8  1407.607418     1.3613    -0.0129
  2720.5  1407.631832     1.9523    -0.0070
  2715.3  1407.656247     1.4070    -0.0010
  2710.1  1407.680661     2.0058     0.0050
  2704.8  1407.705075     3.7177     0.0111
  2699.6  1407.729489     1.8006     0.0172
  2694.3  1407.753903    -3.5662     0.0234
  2689.1  1407.778317    -4.4545     0.0297
  2683.8  1407.802731    -2.3412     0.0360
  2678.6  1407.827145    -1.4154     0.0424
  2673.3  1407.851559     0.9282     0.0488
  2668.1  1407.875973     2.2788     0.0553
  2662.8  1407.900387    -0.6889     0.0619
  2657.6  1407.924801     0.0034     0.0686
  2652.4  1407.949215     1.1888     0.0753
  2647.1  1407.973629    -0.9088     0.0820
  2641.9  1407.998043     0.2899     0.0889
  2636.6  1408.022457     2.5945     0.0958
  2631.4  1408.046872     1.3522     0.1027
  2626.1  1408.071286    -1.2790     0.1098
  2620.9  1408.095700    -1.8036     0.1169
  2615.6  1408.120114     0.0368     0.1240
  2610.4  1408.144528     0.8159     0.1313
  2605.2  1408.168942     0.3056     0.1386
  2599.9  1408.193356    -1.0721     0.1459
  2594.7  1408.217770    -1.6471     0.1534
  2589.4  1408.242184     0.0583     0.1609
  2584.2  1408.266598     3.3305     0.1685
  2578.9  1408.291012     3.2263     0.1761
  2573.7  1408.315426    -0.0769     0.1838
  2568.5  1408.339840    -1.0079     0.1916
  2563.2  1408.364254     0.6873     0.1994
  2558.0  1408.388668     2.9055     0.2074
  2552.7  1408.413082     4.7112     0.2154
  2547.5  1408.437497     2.1591     0.2234
  2542.3  1408.461911    -1.3888     0.2315
  2537.0  1408.486325    -0.8847     0.2398
  2531.8  1408.510739     0.4295     0.2480
  2526.5  1408.535153    -2.6206     0.2564
  2521.3  1408.559567    -6.2014     0.2648
  2516.1  1408.583981    -4.9458     0.2733
  2510.8  1408.608395    -1.6727     0.2819
  2505.6  1408.632809     0.3951     0.2905
  2500.3  1408.657223     1.1098     0.2992
