#Arecibo Legacy Fast ALFA Survey
#http://egg.astro.cornell.edu/alfalfa/
#ASCII Table format
# 
#Telescope:      Arecibo Radio Telescope
#Instrument:     Arecibo Radio Telescope
#Beam size:      3.5x3.8 [arcminutes]
#Object:         AGC 714067
#RA:             215.86869  (J2000) decimal degrees
#DEC:            11.045762  (J2000) decimal degrees
#Rest Frequency: 1.4204058e+09 [Hz]
#Bandwidth:      24.975586 [MHz]
#Channels:       1024
#Other name:     
#Detection Code:    1
#Data archive at http://arecibo.tc.cornell.edu/hiarchive/alfalfa/
#File generated by G. Hallenbeck  Thu Jul  8 16:05:19 2010
#This spectrum has been baseline subtracted.
#Table FORMAT:  (f8.1,1x,f12.6,1x,f10.4,1x,f10.4)
# 
#Column descriptions:
# 1. Heliocentric velocity [km/s]
# 2. Radio frequency [MHz]
# 3. Flux Density [mJy]
# 4. Subtracted polynomial baseline fit
# 
####################################################################
# 
 12827.3  1362.124020    -1.7639     0.8906
 12821.7  1362.148434     1.4777     0.8416
 12816.1  1362.172848     1.7072     0.7935
 12810.5  1362.197262    -2.3660     0.7463
 12804.9  1362.221676    -3.4155     0.7001
 12799.3  1362.246090    -0.6638     0.6548
 12793.7  1362.270504     1.4392     0.6104
 12788.1  1362.294918     0.4433     0.5669
 12782.5  1362.319332    -1.4192     0.5243
 12776.9  1362.343747    -1.9122     0.4825
 12771.3  1362.368161    -2.6401     0.4416
 12765.7  1362.392575    -2.8449     0.4016
 12760.1  1362.416989    -1.5613     0.3624
 12754.5  1362.441403    -0.5910     0.3241
 12748.9  1362.465817     1.0445     0.2866
 12743.3  1362.490231     1.4608     0.2499
 12737.7  1362.514645     0.6441     0.2140
 12732.1  1362.539059     0.1937     0.1789
 12726.5  1362.563473    -0.2852     0.1446
 12720.9  1362.587887    -1.0325     0.1111
 12715.3  1362.612301     0.0095     0.0783
 12709.7  1362.636715     0.3411     0.0463
 12704.1  1362.661129     0.6274     0.0151
 12698.5  1362.685543     1.7917    -0.0155
 12692.9  1362.709957     2.5964    -0.0452
 12687.3  1362.734372     2.6917    -0.0743
 12681.7  1362.758786     1.3744    -0.1026
 12676.1  1362.783200     0.1209    -0.1302
 12670.5  1362.807614    -0.3298    -0.1572
 12664.9  1362.832028    -1.0525    -0.1834
 12659.3  1362.856442    -2.1181    -0.2090
 12653.7  1362.880856    -2.3005    -0.2339
 12648.1  1362.905270     0.8677    -0.2581
 12642.5  1362.929684     3.2838    -0.2817
 12636.9  1362.954098     2.2093    -0.3047
 12631.3  1362.978512     0.3953    -0.3270
 12625.8  1363.002926    -0.4294    -0.3486
 12620.2  1363.027340    -0.0885    -0.3697
 12614.6  1363.051754     2.1177    -0.3901
 12609.0  1363.076168     2.7873    -0.4100
 12603.4  1363.100582     0.5945    -0.4292
 12597.8  1363.124997    -0.0558    -0.4479
 12592.2  1363.149411    -0.5723    -0.4659
 12586.6  1363.173825    -3.3063    -0.4834
 12581.0  1363.198239    -4.2178    -0.5004
 12575.4  1363.222653    -2.4629    -0.5168
 12569.8  1363.247067    -0.6459    -0.5326
 12564.2  1363.271481     0.8922    -0.5479
 12558.6  1363.295895     2.4694    -0.5627
 12553.0  1363.320309     4.1767    -0.5769
 12547.4  1363.344723     4.5269    -0.5906
 12541.8  1363.369137     1.2140    -0.6039
 12536.2  1363.393551    -0.6217    -0.6166
 12530.6  1363.417965    -0.5868    -0.6288
 12525.1  1363.442379    -2.0276    -0.6405
 12519.5  1363.466793    -2.5861    -0.6517
 12513.9  1363.491207     0.9359    -0.6625
 12508.3  1363.515622     2.4099    -0.6728
 12502.7  1363.540036    -0.0477    -0.6826
 12497.1  1363.564450    -1.1419    -0.6920
 12491.5  1363.588864    -2.1338    -0.7010
 12485.9  1363.613278    -0.4313    -0.7095
 12480.3  1363.637692     3.9750    -0.7175
 12474.7  1363.662106     4.0541    -0.7252
 12469.1  1363.686520     0.5299    -0.7324
 12463.6  1363.710934    -0.0278    -0.7392
 12458.0  1363.735348     2.0677    -0.7456
 12452.4  1363.759762     0.5774    -0.7516
 12446.8  1363.784176    -1.3608    -0.7572
 12441.2  1363.808590    -1.1053    -0.7624
 12435.6  1363.833004    -2.2174    -0.7673
 12430.0  1363.857418    -2.8048    -0.7718
 12424.4  1363.881832     0.1087    -0.7759
 12418.8  1363.906247     1.0168    -0.7796
 12413.2  1363.930661     1.6582    -0.7830
 12407.7  1363.955075     4.0868    -0.7860
 12402.1  1363.979489     3.0693    -0.7887
 12396.5  1364.003903     0.0346    -0.7910
 12390.9  1364.028317     0.1022    -0.7930
 12385.3  1364.052731     2.3606    -0.7947
 12379.7  1364.077145     1.9673    -0.7961
 12374.1  1364.101559     0.4136    -0.7972
 12368.5  1364.125973     1.0994    -0.7979
 12363.0  1364.150387     1.5560    -0.7983
 12357.4  1364.174801     0.3570    -0.7985
 12351.8  1364.199215    -0.3762    -0.7983
 12346.2  1364.223629    -1.9629    -0.7979
 12340.6  1364.248043    -5.3464    -0.7972
 12335.0  1364.272457    -7.1704    -0.7962
 12329.4  1364.296872    -7.9603    -0.7949
 12323.9  1364.321286    -6.0439    -0.7934
 12318.3  1364.345700    -1.9545    -0.7916
 12312.7  1364.370114     0.4279    -0.7895
 12307.1  1364.394528     1.2921    -0.7872
 12301.5  1364.418942     2.0089    -0.7847
 12295.9  1364.443356     2.6189    -0.7819
 12290.4  1364.467770     1.9146    -0.7789
 12284.8  1364.492184    -0.9394    -0.7757
 12279.2  1364.516598    -1.3583    -0.7722
 12273.6  1364.541012     1.0964    -0.7685
 12268.0  1364.565426     0.9642    -0.7646
 12262.4  1364.589840     0.4498    -0.7605
 12256.9  1364.614254     1.8971    -0.7561
 12251.3  1364.638668     1.8428    -0.7516
 12245.7  1364.663082     3.3602    -0.7469
 12240.1  1364.687497     6.5951    -0.7420
 12234.5  1364.711911     4.9896    -0.7369
 12228.9  1364.736325     0.5121    -0.7316
 12223.4  1364.760739     0.9606    -0.7261
 12217.8  1364.785153     1.8714    -0.7205
 12212.2  1364.809567     0.1439    -0.7147
 12206.6  1364.833981    -1.2592    -0.7087
 12201.0  1364.858395    -2.9387    -0.7025
 12195.5  1364.882809    -3.8375    -0.6962
 12189.9  1364.907223    -1.6205    -0.6898
 12184.3  1364.931637     0.1429    -0.6832
 12178.7  1364.956051    -2.2972    -0.6764
 12173.1  1364.980465    -5.3764    -0.6696
 12167.6  1365.004879    -3.7761    -0.6625
 12162.0  1365.029293     0.2481    -0.6554
 12156.4  1365.053707     2.2529    -0.6481
 12150.8  1365.078122     1.2534    -0.6407
 12145.2  1365.102536    -0.2121    -0.6331
 12139.7  1365.126950    -0.9961    -0.6255
 12134.1  1365.151364    -0.5376    -0.6177
 12128.5  1365.175778     1.2295    -0.6099
 12122.9  1365.200192     1.5348    -0.6019
 12117.3  1365.224606    -0.2510    -0.5938
 12111.8  1365.249020    -0.4562    -0.5856
 12106.2  1365.273434    -0.4022    -0.5773
 12100.6  1365.297848    -0.3589    -0.5689
 12095.0  1365.322262    -1.4620    -0.5605
 12089.5  1365.346676    -3.7371    -0.5519
 12083.9  1365.371090    -1.9009    -0.5433
 12078.3  1365.395504     2.5933    -0.5346
 12072.7  1365.419918     4.5143    -0.5258
 12067.2  1365.444332     4.7110    -0.5169
 12061.6  1365.468747     3.3137    -0.5080
 12056.0  1365.493161     2.7946    -0.4990
 12050.4  1365.517575     3.5517    -0.4899
 12044.8  1365.541989     3.2357    -0.4808
 12039.3  1365.566403    -0.4385    -0.4717
 12033.7  1365.590817    -4.7234    -0.4624
 12028.1  1365.615231    -4.9686    -0.4531
 12022.5  1365.639645    -5.2046    -0.4438
 12017.0  1365.664059    -5.4523    -0.4344
 12011.4  1365.688473    -2.6135    -0.4250
 12005.8  1365.712887     1.8133    -0.4156
 12000.3  1365.737301     4.4585    -0.4061
 11994.7  1365.761715     3.0844    -0.3965
 11989.1  1365.786129     1.5023    -0.3870
 11983.5  1365.810543     2.1178    -0.3774
 11978.0  1365.834957     2.0953    -0.3678
 11972.4  1365.859372    -0.7285    -0.3581
 11966.8  1365.883786    -2.6555    -0.3485
 11961.2  1365.908200    -0.2610    -0.3388
 11955.7  1365.932614     2.8493    -0.3291
 11950.1  1365.957028     1.0566    -0.3194
 11944.5  1365.981442    -1.5299    -0.3097
 11939.0  1366.005856    -1.9807    -0.3000
 11933.4  1366.030270    -3.4101    -0.2903
 11927.8  1366.054684    -2.9218    -0.2805
 11922.2  1366.079098    -1.1495    -0.2708
 11916.7  1366.103512    -1.5755    -0.2611
 11911.1  1366.127926    -1.2624    -0.2513
 11905.5  1366.152340    -0.7541    -0.2416
 11900.0  1366.176754     0.2403    -0.2319
 11894.4  1366.201168     0.9905    -0.2222
 11888.8  1366.225582     1.8529    -0.2125
 11883.3  1366.249997     2.5600    -0.2028
 11877.7  1366.274411     0.5556    -0.1932
 11872.1  1366.298825    -0.5223    -0.1835
 11866.5  1366.323239     0.7837    -0.1739
 11861.0  1366.347653     0.3703    -0.1643
 11855.4  1366.372067     0.0824    -0.1547
 11849.8  1366.396481    -0.7282    -0.1452
 11844.3  1366.420895    -3.6683    -0.1357
 11838.7  1366.445309    -4.3156    -0.1262
 11833.1  1366.469723    -2.0058    -0.1167
 11827.6  1366.494137     0.9100    -0.1073
 11822.0  1366.518551     2.5024    -0.0979
 11816.4  1366.542965     1.3939    -0.0885
 11810.9  1366.567379    -0.0820    -0.0792
 11805.3  1366.591793    -2.3582    -0.0699
 11799.7  1366.616207    -3.8544    -0.0607
 11794.2  1366.640622    -1.3368    -0.0515
 11788.6  1366.665036     1.0831    -0.0423
 11783.0  1366.689450     0.4705    -0.0332
 11777.5  1366.713864    -0.8890    -0.0242
 11771.9  1366.738278    -0.4624    -0.0152
 11766.3  1366.762692     2.2941    -0.0062
 11760.8  1366.787106     2.4122     0.0027
 11755.2  1366.811520     0.9644     0.0115
 11749.6  1366.835934     1.5135     0.0203
 11744.1  1366.860348     1.2032     0.0290
 11738.5  1366.884762     1.3309     0.0377
 11732.9  1366.909176     2.1338     0.0463
 11727.4  1366.933590     0.4913     0.0549
 11721.8  1366.958004     1.3635     0.0634
 11716.3  1366.982418     3.3597     0.0718
 11710.7  1367.006832     0.7742     0.0802
 11705.1  1367.031247    -3.3946     0.0885
 11699.6  1367.055661    -3.4862     0.0967
 11694.0  1367.080075    -1.0214     0.1049
 11688.4  1367.104489    -1.6686     0.1130
 11682.9  1367.128903    -1.5623     0.1210
 11677.3  1367.153317     0.5040     0.1290
 11671.8  1367.177731    -0.5673     0.1369
 11666.2  1367.202145    -1.4602     0.1447
 11660.6  1367.226559    -1.6306     0.1524
 11655.1  1367.250973    -3.0325     0.1601
 11649.5  1367.275387    -2.4295     0.1677
 11643.9  1367.299801     0.2400     0.1752
 11638.4  1367.324215     1.2094     0.1826
 11632.8  1367.348629     0.2427     0.1900
 11627.3  1367.373043     0.0177     0.1972
 11621.7  1367.397457     1.0026     0.2044
 11616.1  1367.421872     2.2928     0.2115
 11610.6  1367.446286     2.9209     0.2186
 11605.0  1367.470700     2.0035     0.2255
 11599.5  1367.495114     1.4014     0.2324
 11593.9  1367.519528     2.5272     0.2392
 11588.3  1367.543942     1.7960     0.2459
 11582.8  1367.568356     0.2629     0.2525
 11577.2  1367.592770     0.6274     0.2590
 11571.7  1367.617184    -1.1461     0.2654
 11566.1  1367.641598    -1.9843     0.2718
 11560.6  1367.666012    -0.0191     0.2781
 11555.0  1367.690426     1.6196     0.2842
 11549.4  1367.714840     1.2982     0.2903
 11543.9  1367.739254    -0.4707     0.2963
 11538.3  1367.763668    -1.4435     0.3022
 11532.8  1367.788082     0.0158     0.3080
 11527.2  1367.812497     2.3757     0.3138
 11521.7  1367.836911     0.5065     0.3194
 11516.1  1367.861325    -4.2076     0.3249
 11510.5  1367.885739    -3.2835     0.3304
 11505.0  1367.910153     1.2622     0.3358
 11499.4  1367.934567     1.0340     0.3410
 11493.9  1367.958981    -2.7751     0.3462
 11488.3  1367.983395    -4.7533     0.3513
 11482.8  1368.007809    -5.2205     0.3562
 11477.2  1368.032223    -2.3701     0.3611
 11471.7  1368.056637     0.9131     0.3659
 11466.1  1368.081051    -1.0170     0.3706
 11460.5  1368.105465    -4.4593     0.3752
 11455.0  1368.129879    -5.0119     0.3797
 11449.4  1368.154293    -3.7298     0.3842
 11443.9  1368.178707     0.0850     0.3885
 11438.3  1368.203122     4.0615     0.3927
 11432.8  1368.227536     4.2152     0.3968
 11427.2  1368.251950    -0.6106     0.4008
 11421.7  1368.276364    -3.6577     0.4048
 11416.1  1368.300778    -2.0361     0.4086
 11410.6  1368.325192    -0.1702     0.4124
 11405.0  1368.349606     0.1992     0.4160
 11399.5  1368.374020    -0.2860     0.4195
 11393.9  1368.398434    -0.5747     0.4230
 11388.4  1368.422848    -1.1015     0.4263
 11382.8  1368.447262    -0.7420     0.4296
 11377.3  1368.471676     0.6489     0.4328
 11371.7  1368.496090     0.7316     0.4358
 11366.2  1368.520504     1.8705     0.4388
 11360.6  1368.544918     2.9016     0.4417
 11355.0  1368.569332     2.1059     0.4444
 11349.5  1368.593747     0.6413     0.4471
 11343.9  1368.618161    -0.9363     0.4497
 11338.4  1368.642575    -0.2594     0.4522
 11332.8  1368.666989     2.5468     0.4545
 11327.3  1368.691403     3.5422     0.4568
 11321.7  1368.715817     1.9362     0.4590
 11316.2  1368.740231    -1.2870     0.4611
 11310.7  1368.764645    -3.0640     0.4631
 11305.1  1368.789059    -1.7743     0.4650
 11299.6  1368.813473     0.9562     0.4668
 11294.0  1368.837887     1.7131     0.4686
 11288.5  1368.862301     1.4337     0.4702
 11282.9  1368.886715     1.5542     0.4717
 11277.4  1368.911129     0.6128     0.4731
 11271.8  1368.935543    -0.2392     0.4745
 11266.3  1368.959957    -0.9492     0.4757
 11260.7  1368.984372    -1.8794     0.4769
 11255.2  1369.008786    -0.5593     0.4779
 11249.6  1369.033200     1.1285     0.4789
 11244.1  1369.057614     2.1982     0.4797
 11238.5  1369.082028     2.0093     0.4805
 11233.0  1369.106442     1.2178     0.4812
 11227.4  1369.130856     0.1507     0.4818
 11221.9  1369.155270    -0.8362     0.4823
 11216.3  1369.179684    -1.2136     0.4827
 11210.8  1369.204098    -1.9472     0.4830
 11205.3  1369.228512    -0.2351     0.4833
 11199.7  1369.252926     3.9835     0.4834
 11194.2  1369.277340     3.4954     0.4834
 11188.6  1369.301754     2.0147     0.4834
 11183.1  1369.326168     2.2860     0.4833
 11177.5  1369.350582     2.0203     0.4831
 11172.0  1369.374997     2.8641     0.4828
 11166.4  1369.399411     3.1348     0.4824
 11160.9  1369.423825     2.0403     0.4819
 11155.4  1369.448239     2.6003     0.4813
 11149.8  1369.472653     1.9847     0.4807
 11144.3  1369.497067     0.2225     0.4799
 11138.7  1369.521481    -0.7425     0.4791
 11133.2  1369.545895    -1.3766     0.4782
 11127.6  1369.570309    -0.0094     0.4772
 11122.1  1369.594723     0.8797     0.4762
 11116.6  1369.619137    -2.0072     0.4750
 11111.0  1369.643551    -4.9117     0.4738
 11105.5  1369.667965    -4.1646     0.4725
 11099.9  1369.692379    -2.4388     0.4711
 11094.4  1369.716793    -0.9406     0.4696
 11088.8  1369.741207    -2.1337     0.4680
 11083.3  1369.765622    -4.9288     0.4664
 11077.8  1369.790036    -2.9307     0.4647
 11072.2  1369.814450    -0.2603     0.4629
 11066.7  1369.838864     0.0525     0.4610
 11061.1  1369.863278     0.1190     0.4590
 11055.6  1369.887692    -2.3329     0.4570
 11050.1  1369.912106    -4.4913     0.4549
 11044.5  1369.936520    -1.7099     0.4527
 11039.0  1369.960934     2.0314     0.4505
 11033.4  1369.985348     3.4155     0.4482
 11027.9  1370.009762     3.3911     0.4458
 11022.4  1370.034176     1.4002     0.4433
 11016.8  1370.058590    -0.5224     0.4407
 11011.3  1370.083004    -0.7391     0.4381
 11005.8  1370.107418    -1.6427     0.4355
 11000.2  1370.131832    -0.3043     0.4327
 10994.7  1370.156247     0.8721     0.4299
 10989.1  1370.180661     0.2503     0.4270
 10983.6  1370.205075     0.6390     0.4240
 10978.1  1370.229489    -0.3777     0.4210
 10972.5  1370.253903    -2.6259     0.4179
 10967.0  1370.278317    -2.6087     0.4148
 10961.5  1370.302731     0.1593     0.4115
 10955.9  1370.327145     1.1615     0.4082
 10950.4  1370.351559     0.1424     0.4049
 10944.8  1370.375973     0.8769     0.4015
 10939.3  1370.400387     0.9383     0.3980
 10933.8  1370.424801     0.8320     0.3945
 10928.2  1370.449215     0.3367     0.3909
 10922.7  1370.473629    -0.3160     0.3872
 10917.2  1370.498043     0.6963     0.3835
 10911.6  1370.522457     1.4329     0.3797
 10906.1  1370.546872     0.6584     0.3759
 10900.6  1370.571286     1.5690     0.3720
 10895.0  1370.595700     2.0240     0.3681
 10889.5  1370.620114     0.7051     0.3641
 10884.0  1370.644528     1.0675     0.3600
 10878.4  1370.668942     0.2454     0.3559
 10872.9  1370.693356    -2.2025     0.3518
 10867.4  1370.717770    -0.5333     0.3476
 10861.8  1370.742184     1.2966     0.3433
 10856.3  1370.766598    -1.2782     0.3390
 10850.8  1370.791012    -1.9909     0.3347
 10845.2  1370.815426     1.8138     0.3302
 10839.7  1370.839840     2.0492     0.3258
 10834.2  1370.864254    -0.8746     0.3213
 10828.6  1370.888668    -0.3205     0.3167
 10823.1  1370.913082     2.5106     0.3122
 10817.6  1370.937497     2.9690     0.3075
 10812.0  1370.961911     1.8273     0.3028
 10806.5  1370.986325     1.7661     0.2981
 10801.0  1371.010739     0.6713     0.2933
 10795.4  1371.035153     0.1877     0.2885
 10789.9  1371.059567     2.6580     0.2837
 10784.4  1371.083981     5.6574     0.2788
 10778.9  1371.108395     5.5686     0.2739
 10773.3  1371.132809     1.4317     0.2689
 10767.8  1371.157223    -1.5328     0.2639
 10762.3  1371.181637    -2.0745     0.2589
 10756.7  1371.206051    -1.5077     0.2538
 10751.2  1371.230465     0.6850     0.2487
 10745.7  1371.254879     2.6386     0.2435
 10740.1  1371.279293     2.8600     0.2384
 10734.6  1371.303707     2.3222     0.2331
 10729.1  1371.328122     0.6706     0.2279
 10723.6  1371.352536    -1.6385     0.2226
 10718.0  1371.376950    -0.4045     0.2173
 10712.5  1371.401364     2.4422     0.2120
 10707.0  1371.425778     2.8973     0.2066
 10701.5  1371.450192     2.4089     0.2013
 10695.9  1371.474606     1.8829     0.1958
 10690.4  1371.499020     0.8274     0.1904
 10684.9  1371.523434    -1.5042     0.1850
 10679.3  1371.547848    -3.1460     0.1795
 10673.8  1371.572262    -3.3304     0.1740
 10668.3  1371.596676    -2.3762     0.1684
 10662.8  1371.621090    -0.3856     0.1629
 10657.2  1371.645504     0.4221     0.1573
 10651.7  1371.669918    -0.8164     0.1517
 10646.2  1371.694332    -1.9543     0.1461
 10640.7  1371.718747    -0.5264     0.1405
 10635.1  1371.743161     1.9222     0.1348
 10629.6  1371.767575     1.4146     0.1292
 10624.1  1371.791989     0.3516     0.1235
 10618.6  1371.816403     2.1106     0.1178
 10613.0  1371.840817     2.8934     0.1121
 10607.5  1371.865231     0.1096     0.1063
 10602.0  1371.889645    -1.4910     0.1006
 10596.5  1371.914059    -1.0866     0.0949
 10590.9  1371.938473    -0.9707     0.0891
 10585.4  1371.962887    -0.5614     0.0833
 10579.9  1371.987301    -0.1677     0.0776
 10574.4  1372.011715    -0.2940     0.0718
 10568.9  1372.036129    -0.5664     0.0660
 10563.3  1372.060543    -2.9654     0.0602
 10557.8  1372.084957    -5.5037     0.0544
 10552.3  1372.109372    -3.8603     0.0486
 10546.8  1372.133786    -0.9363     0.0428
 10541.2  1372.158200    -0.8671     0.0370
 10535.7  1372.182614    -0.1490     0.0311
 10530.2  1372.207028    -1.2870     0.0253
 10524.7  1372.231442    -0.9153     0.0195
 10519.2  1372.255856     1.0775     0.0137
 10513.6  1372.280270     0.3240     0.0078
 10508.1  1372.304684     3.5908     0.0020
 10502.6  1372.329098     5.9581    -0.0038
 10497.1  1372.353512     2.9983    -0.0096
 10491.6  1372.377926     1.9508    -0.0154
 10486.0  1372.402340     4.5254    -0.0212
 10480.5  1372.426754     8.7448    -0.0270
 10475.0  1372.451168     8.6219    -0.0328
 10469.5  1372.475582     5.9203    -0.0386
 10464.0  1372.499997     6.6223    -0.0444
 10458.4  1372.524411     8.1899    -0.0502
 10452.9  1372.548825     6.3222    -0.0559
 10447.4  1372.573239     3.5670    -0.0617
 10441.9  1372.597653     4.0905    -0.0674
 10436.4  1372.622067     5.8022    -0.0732
 10430.9  1372.646481     6.6841    -0.0789
 10425.3  1372.670895     6.8501    -0.0846
 10419.8  1372.695309     4.4752    -0.0903
 10414.3  1372.719723     2.6964    -0.0960
 10408.8  1372.744137     1.2430    -0.1017
 10403.3  1372.768551     1.0509    -0.1073
 10397.7  1372.792965     5.4165    -0.1129
 10392.2  1372.817379     8.4511    -0.1186
 10386.7  1372.841793     7.8730    -0.1242
 10381.2  1372.866207     7.6465    -0.1298
 10375.7  1372.890622     8.1778    -0.1353
 10370.2  1372.915036     7.9046    -0.1409
 10364.7  1372.939450     6.0866    -0.1464
 10359.1  1372.963864     4.9286    -0.1519
 10353.6  1372.988278     6.3240    -0.1574
 10348.1  1373.012692     5.6866    -0.1628
 10342.6  1373.037106     1.6991    -0.1683
 10337.1  1373.061520    -0.5639    -0.1737
 10331.6  1373.085934    -1.6819    -0.1791
 10326.1  1373.110348    -1.4202    -0.1844
 10320.5  1373.134762     1.6601    -0.1898
 10315.0  1373.159176     2.0011    -0.1951
 10309.5  1373.183590    -0.7844    -0.2004
 10304.0  1373.208004    -1.8420    -0.2056
 10298.5  1373.232418    -1.3825    -0.2108
 10293.0  1373.256832    -0.4125    -0.2160
 10287.5  1373.281247     0.3359    -0.2212
 10281.9  1373.305661     0.6718    -0.2263
 10276.4  1373.330075     1.5666    -0.2314
 10270.9  1373.354489     1.9219    -0.2365
 10265.4  1373.378903    -0.2974    -0.2416
 10259.9  1373.403317    -2.2089    -0.2466
 10254.4  1373.427731    -3.1141    -0.2516
 10248.9  1373.452145    -4.6667    -0.2565
 10243.4  1373.476559    -3.7283    -0.2614
 10237.9  1373.500973    -1.5437    -0.2663
 10232.3  1373.525387    -1.3954    -0.2711
 10226.8  1373.549801     0.5664    -0.2759
 10221.3  1373.574215     1.7578    -0.2807
 10215.8  1373.598629     0.5934    -0.2854
 10210.3  1373.623043     0.1192    -0.2901
 10204.8  1373.647457    -0.4697    -0.2948
 10199.3  1373.671872    -0.2838    -0.2994
 10193.8  1373.696286     1.5502    -0.3040
 10188.3  1373.720700     1.9223    -0.3085
 10182.8  1373.745114     0.8288    -0.3130
 10177.2  1373.769528    -0.3923    -0.3174
 10171.7  1373.793942    -0.4243    -0.3218
 10166.2  1373.818356    -0.1487    -0.3262
 10160.7  1373.842770    -2.1582    -0.3305
 10155.2  1373.867184    -2.4433    -0.3348
 10149.7  1373.891598     0.4133    -0.3391
 10144.2  1373.916012     2.0166    -0.3433
 10138.7  1373.940426     1.3966    -0.3474
 10133.2  1373.964840    -0.6845    -0.3515
 10127.7  1373.989254    -0.9882    -0.3556
 10122.2  1374.013668     0.6516    -0.3596
 10116.7  1374.038082     0.4033    -0.3636
 10111.2  1374.062497    -1.0774    -0.3675
 10105.7  1374.086911     0.0875    -0.3714
 10100.1  1374.111325     1.4799    -0.3752
 10094.6  1374.135739    -1.9724    -0.3790
 10089.1  1374.160153    -6.5939    -0.3827
 10083.6  1374.184567    -4.7243    -0.3864
 10078.1  1374.208981     0.5879    -0.3901
 10072.6  1374.233395     1.3965    -0.3936
 10067.1  1374.257809    -0.3640    -0.3972
 10061.6  1374.282223    -0.8492    -0.4007
 10056.1  1374.306637    -1.5246    -0.4041
 10050.6  1374.331051    -0.9818    -0.4075
 10045.1  1374.355465     0.0959    -0.4108
 10039.6  1374.379879    -0.5281    -0.4141
 10034.1  1374.404293    -1.5260    -0.4173
 10028.6  1374.428707    -1.8569    -0.4205
 10023.1  1374.453122    -1.1580    -0.4236
 10017.6  1374.477536     0.0040    -0.4267
 10012.1  1374.501950     0.0301    -0.4297
 10006.6  1374.526364    -2.2230    -0.4327
 10001.1  1374.550778    -1.2915    -0.4356
  9995.6  1374.575192     3.6455    -0.4385
  9990.1  1374.599606     4.8191    -0.4413
  9984.6  1374.624020     3.5102    -0.4440
  9979.1  1374.648434     1.3290    -0.4467
  9973.6  1374.672848    -2.8928    -0.4493
  9968.1  1374.697262    -4.1029    -0.4519
  9962.6  1374.721676    -0.5110    -0.4544
  9957.1  1374.746090     0.9869    -0.4569
  9951.6  1374.770504     0.1287    -0.4593
  9946.1  1374.794918    -0.8607    -0.4617
  9940.6  1374.819332    -1.2934    -0.4640
  9935.1  1374.843747     0.6470    -0.4662
  9929.6  1374.868161     2.9178    -0.4684
  9924.1  1374.892575     2.5400    -0.4705
  9918.6  1374.916989     0.5355    -0.4726
  9913.1  1374.941403    -3.1798    -0.4746
  9907.6  1374.965817    -4.1032    -0.4766
  9902.1  1374.990231    -1.2454    -0.4784
  9896.6  1375.014645    -0.4707    -0.4803
  9891.1  1375.039059    -0.8459    -0.4821
  9885.6  1375.063473     0.6075    -0.4838
  9880.1  1375.087887     0.1018    -0.4854
  9874.6  1375.112301    -2.8393    -0.4870
  9869.1  1375.136715    -3.1912    -0.4886
  9863.6  1375.161129    -1.5608    -0.4901
  9858.1  1375.185543     0.5226    -0.4915
  9852.6  1375.209957     2.3320    -0.4928
  9847.1  1375.234372     1.0438    -0.4941
  9841.6  1375.258786     0.5867    -0.4954
  9836.1  1375.283200     1.9506    -0.4966
  9830.6  1375.307614     0.1529    -0.4977
  9825.1  1375.332028    -1.3219    -0.4988
  9819.6  1375.356442     0.1190    -0.4998
  9814.1  1375.380856     0.9330    -0.5007
  9808.6  1375.405270     1.5867    -0.5016
  9803.1  1375.429684     1.7115    -0.5024
  9797.6  1375.454098     0.9753    -0.5032
  9792.1  1375.478512     1.4464    -0.5039
  9786.6  1375.502926     1.2855    -0.5045
  9781.1  1375.527340     0.8988    -0.5051
  9775.6  1375.551754     3.4832    -0.5056
  9770.1  1375.576168     4.4031    -0.5061
  9764.6  1375.600582     2.4773    -0.5065
  9759.2  1375.624997     1.3724    -0.5068
  9753.7  1375.649411     0.5271    -0.5071
  9748.2  1375.673825    -0.8600    -0.5073
  9742.7  1375.698239    -0.9447    -0.5075
  9737.2  1375.722653     0.2618    -0.5076
  9731.7  1375.747067     1.2145    -0.5076
  9726.2  1375.771481     2.2055    -0.5076
  9720.7  1375.795895     2.0946    -0.5075
  9715.2  1375.820309     1.1971    -0.5073
  9709.7  1375.844723     1.4800    -0.5071
  9704.2  1375.869137    -0.4215    -0.5069
  9698.7  1375.893551    -1.2734    -0.5065
  9693.2  1375.917965     0.4992    -0.5062
  9687.8  1375.942379     1.2894    -0.5057
  9682.3  1375.966793     1.4133    -0.5052
  9676.8  1375.991207     0.4085    -0.5046
  9671.3  1376.015622    -0.2157    -0.5040
  9665.8  1376.040036    -1.5915    -0.5033
  9660.3  1376.064450    -3.7377    -0.5026
  9654.8  1376.088864    -1.3941    -0.5018
  9649.3  1376.113278     2.5537    -0.5009
  9643.8  1376.137692     5.2411    -0.5000
  9638.3  1376.162106     4.0062    -0.4990
  9632.8  1376.186520    -0.0837    -0.4980
  9627.4  1376.210934    -1.5226    -0.4969
  9621.9  1376.235348    -2.0581    -0.4957
  9616.4  1376.259762    -1.6488    -0.4945
  9610.9  1376.284176    -0.3418    -0.4933
  9605.4  1376.308590     0.0747    -0.4919
  9599.9  1376.333004    -0.3217    -0.4906
  9594.4  1376.357418    -1.7460    -0.4891
  9588.9  1376.381832    -2.6421    -0.4876
  9583.5  1376.406247    -2.8593    -0.4861
  9578.0  1376.430661    -2.6338    -0.4845
  9572.5  1376.455075    -0.8974    -0.4828
  9567.0  1376.479489     1.1386    -0.4811
  9561.5  1376.503903     0.8824    -0.4793
  9556.0  1376.528317    -0.4231    -0.4775
  9550.5  1376.552731    -0.9332    -0.4756
  9545.0  1376.577145    -1.7206    -0.4736
  9539.6  1376.601559    -1.0055    -0.4716
  9534.1  1376.625973     0.6931    -0.4696
  9528.6  1376.650387     0.4089    -0.4675
  9523.1  1376.674801     1.4863    -0.4653
  9517.6  1376.699215     2.5975    -0.4631
  9512.1  1376.723629     1.8510    -0.4608
  9506.6  1376.748043     0.0834    -0.4585
  9501.2  1376.772457    -1.5588    -0.4562
  9495.7  1376.796872    -1.6268    -0.4537
  9490.2  1376.821286    -2.5238    -0.4513
  9484.7  1376.845700    -2.0951    -0.4487
  9479.2  1376.870114     0.4535    -0.4462
  9473.7  1376.894528     0.7123    -0.4435
  9468.3  1376.918942     1.1142    -0.4408
  9462.8  1376.943356     3.0273    -0.4381
  9457.3  1376.967770     3.9335    -0.4353
  9451.8  1376.992184     1.4645    -0.4325
  9446.3  1377.016598    -1.6795    -0.4296
  9440.8  1377.041012    -3.3325    -0.4267
  9435.4  1377.065426    -4.9694    -0.4237
  9429.9  1377.089840    -2.8088    -0.4207
  9424.4  1377.114254     1.1782    -0.4177
  9418.9  1377.138668     1.4497    -0.4145
  9413.4  1377.163082     1.3149    -0.4114
  9407.9  1377.187497     2.9707    -0.4082
  9402.5  1377.211911     1.6707    -0.4049
  9397.0  1377.236325    -0.6997    -0.4016
  9391.5  1377.260739    -0.3678    -0.3983
  9386.0  1377.285153     0.0261    -0.3949
  9380.5  1377.309567     0.4203    -0.3915
  9375.1  1377.333981     0.4373    -0.3880
  9369.6  1377.358395    -1.1570    -0.3845
  9364.1  1377.382809    -2.2013    -0.3809
  9358.6  1377.407223    -3.7068    -0.3773
  9353.1  1377.431637    -3.0300    -0.3737
  9347.7  1377.456051    -0.4480    -0.3700
  9342.2  1377.480465    -0.3501    -0.3663
  9336.7  1377.504879    -0.6359    -0.3625
  9331.2  1377.529293     0.2057    -0.3587
  9325.8  1377.553707     0.7901    -0.3549
  9320.3  1377.578122     0.5480    -0.3510
  9314.8  1377.602536     1.4865    -0.3471
  9309.3  1377.626950     1.5906    -0.3431
  9303.8  1377.651364    -0.8240    -0.3391
  9298.4  1377.675778    -1.4131    -0.3351
  9292.9  1377.700192    -0.1257    -0.3310
  9287.4  1377.724606     0.5927    -0.3270
  9281.9  1377.749020     0.9841    -0.3228
  9276.5  1377.773434     1.0237    -0.3187
  9271.0  1377.797848    -0.4626    -0.3145
  9265.5  1377.822262    -2.7830    -0.3102
  9260.0  1377.846676    -1.6039    -0.3060
  9254.5  1377.871090     1.5717    -0.3017
  9249.1  1377.895504     2.0760    -0.2973
  9243.6  1377.919918     0.6155    -0.2930
  9238.1  1377.944332    -1.5623    -0.2886
  9232.6  1377.968747    -0.4680    -0.2842
  9227.2  1377.993161     1.9605    -0.2797
  9221.7  1378.017575    -1.7186    -0.2752
  9216.2  1378.041989    -5.7049    -0.2707
  9210.7  1378.066403    -3.7355    -0.2662
  9205.3  1378.090817    -2.5932    -0.2616
  9199.8  1378.115231    -2.7967    -0.2571
  9194.3  1378.139645    -0.3898    -0.2524
  9188.9  1378.164059    -0.0689    -0.2478
  9183.4  1378.188473    -0.2512    -0.2432
  9177.9  1378.212887     3.2002    -0.2385
  9172.4  1378.237301     4.7385    -0.2338
  9167.0  1378.261715     3.6619    -0.2290
  9161.5  1378.286129     4.6189    -0.2243
  9156.0  1378.310543     3.4377    -0.2195
  9150.5  1378.334957    -0.5287    -0.2147
  9145.1  1378.359372    -1.9800    -0.2099
  9139.6  1378.383786     0.0504    -0.2051
  9134.1  1378.408200     1.7678    -0.2003
  9128.7  1378.432614     2.1205    -0.1954
  9123.2  1378.457028     2.3797    -0.1905
  9117.7  1378.481442     2.2740    -0.1856
  9112.2  1378.505856     1.8557    -0.1807
  9106.8  1378.530270     0.2324    -0.1758
  9101.3  1378.554684     0.1771    -0.1708
  9095.8  1378.579098     2.9663    -0.1659
  9090.4  1378.603512     2.7372    -0.1609
  9084.9  1378.627926    -0.2563    -0.1559
  9079.4  1378.652340    -0.2088    -0.1509
  9073.9  1378.676754     2.1834    -0.1459
  9068.5  1378.701168     3.0460    -0.1409
  9063.0  1378.725582     0.7618    -0.1359
  9057.5  1378.749997    -1.2074    -0.1308
  9052.1  1378.774411    -0.0141    -0.1258
  9046.6  1378.798825     1.1658    -0.1208
  9041.1  1378.823239     0.4695    -0.1157
  9035.7  1378.847653    -1.4674    -0.1106
  9030.2  1378.872067    -1.1910    -0.1056
  9024.7  1378.896481     0.0982    -0.1005
  9019.3  1378.920895     0.6949    -0.0954
  9013.8  1378.945309    -0.3407    -0.0903
  9008.3  1378.969723    -3.5395    -0.0853
  9002.9  1378.994137    -3.8109    -0.0802
  8997.4  1379.018551    -0.6681    -0.0751
  8991.9  1379.042965     0.2907    -0.0700
  8986.5  1379.067379    -1.5168    -0.0649
  8981.0  1379.091793    -1.5801    -0.0598
  8975.5  1379.116207     0.6229    -0.0547
  8970.1  1379.140622     2.1499    -0.0496
  8964.6  1379.165036     0.9489    -0.0446
  8959.1  1379.189450    -0.2260    -0.0395
  8953.7  1379.213864     0.3339    -0.0344
  8948.2  1379.238278    -0.0096    -0.0293
  8942.7  1379.262692     0.1449    -0.0243
  8937.3  1379.287106    -0.6449    -0.0192
  8931.8  1379.311520    -3.3958    -0.0142
  8926.3  1379.335934    -2.6887    -0.0091
  8920.9  1379.360348    -0.6512    -0.0041
  8915.4  1379.384762    -1.4263     0.0009
  8910.0  1379.409176    -1.2799     0.0059
  8904.5  1379.433590    -1.8479     0.0109
  8899.0  1379.458004    -2.5933     0.0159
  8893.6  1379.482418    -0.8426     0.0209
  8888.1  1379.506832     1.5069     0.0259
  8882.6  1379.531247     1.9171     0.0308
  8877.2  1379.555661     0.2817     0.0358
  8871.7  1379.580075     0.2666     0.0407
  8866.2  1379.604489     0.4408     0.0456
  8860.8  1379.628903    -1.7453     0.0505
  8855.3  1379.653317    -2.7512     0.0554
  8849.9  1379.677731    -1.3185     0.0602
  8844.4  1379.702145    -0.9852     0.0651
  8838.9  1379.726559    -2.7740     0.0699
  8833.5  1379.750973    -1.8959     0.0747
  8828.0  1379.775387    -1.2316     0.0795
  8822.6  1379.799801    -4.8744     0.0842
  8817.1  1379.824215    -4.1976     0.0890
  8811.6  1379.848629     2.5878     0.0937
  8806.2  1379.873043     6.2880     0.0984
  8800.7  1379.897457     3.5386     0.1030
  8795.3  1379.921872    -1.0953     0.1077
  8789.8  1379.946286    -4.1566     0.1123
  8784.3  1379.970700    -6.1141     0.1169
  8778.9  1379.995114    -6.4016     0.1215
  8773.4  1380.019528    -5.3887     0.1260
  8768.0  1380.043942    -0.1013     0.1305
  8762.5  1380.068356     3.5268     0.1350
  8757.0  1380.092770     1.6172     0.1394
  8751.6  1380.117184     0.7785     0.1439
  8746.1  1380.141598     1.2026     0.1483
  8740.7  1380.166012     1.2971     0.1526
  8735.2  1380.190426     2.9144     0.1570
  8729.8  1380.214840     0.8259     0.1613
  8724.3  1380.239254    -2.1634     0.1655
  8718.8  1380.263668    -1.0054     0.1697
  8713.4  1380.288082    -0.9302     0.1739
  8707.9  1380.312497    -1.5308     0.1781
  8702.5  1380.336911     0.5984     0.1822
  8697.0  1380.361325    -1.2865     0.1863
  8691.6  1380.385739    -3.1241     0.1904
  8686.1  1380.410153     1.2443     0.1944
  8680.6  1380.434567     4.2845     0.1984
  8675.2  1380.458981     2.7704     0.2023
  8669.7  1380.483395     1.4438     0.2062
  8664.3  1380.507809     2.9755     0.2101
  8658.8  1380.532223     3.7019     0.2139
  8653.4  1380.556637     2.1363     0.2177
  8647.9  1380.581051    -0.4439     0.2214
  8642.5  1380.605465    -1.9312     0.2251
  8637.0  1380.629879     1.3440     0.2287
  8631.6  1380.654293     4.5375     0.2323
  8626.1  1380.678707     1.2801     0.2359
  8620.6  1380.703122    -3.5727     0.2394
  8615.2  1380.727536    -4.8854     0.2429
  8609.7  1380.751950    -2.9939     0.2463
  8604.3  1380.776364    -1.3407     0.2497
  8598.8  1380.800778     0.3221     0.2531
  8593.4  1380.825192     3.1485     0.2563
  8587.9  1380.849606     2.2818     0.2596
  8582.5  1380.874020    -0.6458     0.2628
  8577.0  1380.898434    -2.0051     0.2659
  8571.6  1380.922848    -1.5691     0.2690
  8566.1  1380.947262    -0.3614     0.2721
  8560.7  1380.971676     1.2177     0.2751
  8555.2  1380.996090     2.4606     0.2780
  8549.8  1381.020504    -0.9083     0.2809
  8544.3  1381.044918    -4.1997     0.2838
  8538.9  1381.069332    -0.9821     0.2865
  8533.4  1381.093747     3.8908     0.2893
  8528.0  1381.118161     3.9325     0.2920
  8522.5  1381.142575     1.0250     0.2946
  8517.1  1381.166989     1.2851     0.2972
  8511.6  1381.191403     1.5558     0.2997
  8506.2  1381.215817    -0.7283     0.3022
  8500.7  1381.240231    -0.4987     0.3046
  8495.3  1381.264645     1.2483     0.3070
  8489.8  1381.289059     2.6922     0.3093
  8484.4  1381.313473     3.1512     0.3115
  8478.9  1381.337887     0.7681     0.3137
  8473.5  1381.362301    -1.0705     0.3159
  8468.0  1381.386715     0.0707     0.3179
  8462.6  1381.411129     0.4279     0.3200
  8457.1  1381.435543    -3.5742     0.3219
  8451.7  1381.459957    -5.1251     0.3238
  8446.2  1381.484372    -2.7887     0.3257
  8440.8  1381.508786    -2.1453     0.3275
  8435.3  1381.533200    -0.5369     0.3292
  8429.9  1381.557614     0.5895     0.3309
  8424.4  1381.582028    -0.3875     0.3325
  8419.0  1381.606442    -0.1409     0.3341
  8413.6  1381.630856    -1.0695     0.3355
  8408.1  1381.655270    -3.0740     0.3370
  8402.7  1381.679684    -2.7144     0.3384
  8397.2  1381.704098    -2.0508     0.3397
  8391.8  1381.728512    -2.2110     0.3409
  8386.3  1381.752926    -1.3191     0.3421
  8380.9  1381.777340    -1.0392     0.3433
  8375.4  1381.801754    -2.5778     0.3443
  8370.0  1381.826168    -3.2642     0.3453
  8364.5  1381.850582    -2.8804     0.3463
  8359.1  1381.874997    -2.6778     0.3472
  8353.7  1381.899411    -1.9879     0.3480
  8348.2  1381.923825    -1.2938     0.3488
  8342.8  1381.948239    -1.2733     0.3495
  8337.3  1381.972653    -0.4548     0.3501
  8331.9  1381.997067     3.0792     0.3507
  8326.4  1382.021481     5.1201     0.3512
  8321.0  1382.045895     1.4539     0.3517
  8315.6  1382.070309    -2.0746     0.3521
  8310.1  1382.094723    -3.2667     0.3524
  8304.7  1382.119137    -4.4388     0.3527
  8299.2  1382.143551    -2.0690     0.3529
  8293.8  1382.167965     2.8138     0.3530
  8288.3  1382.192379     2.0878     0.3531
  8282.9  1382.216793    -2.2650     0.3531
  8277.5  1382.241207    -2.1418     0.3531
  8272.0  1382.265622     0.7046     0.3530
  8266.6  1382.290036     0.8040     0.3528
  8261.1  1382.314450    -1.9150     0.3526
  8255.7  1382.338864    -3.5071     0.3523
  8250.3  1382.363278    -1.7004     0.3520
  8244.8  1382.387692    -0.9081     0.3516
  8239.4  1382.412106    -2.8323     0.3511
  8233.9  1382.436520    -1.9510     0.3506
  8228.5  1382.460934     0.4041     0.3500
  8223.1  1382.485348    -0.1500     0.3493
  8217.6  1382.509762    -0.6650     0.3486
  8212.2  1382.534176     0.0229     0.3479
  8206.7  1382.558590     1.6377     0.3470
  8201.3  1382.583004     3.0302     0.3462
  8195.9  1382.607418     2.7870     0.3452
  8190.4  1382.631832     1.5008     0.3442
  8185.0  1382.656247     0.9289     0.3432
  8179.5  1382.680661     2.3260     0.3420
  8174.1  1382.705075     3.0210     0.3409
  8168.7  1382.729489    -1.1726     0.3396
  8163.2  1382.753903    -3.6503     0.3384
  8157.8  1382.778317    -0.0518     0.3370
  8152.4  1382.802731     0.2024     0.3356
  8146.9  1382.827145    -2.4851     0.3342
  8141.5  1382.851559    -2.7575     0.3327
  8136.0  1382.875973    -1.2188     0.3311
  8130.6  1382.900387    -0.1424     0.3295
  8125.2  1382.924801    -0.1297     0.3278
  8119.7  1382.949215     1.0461     0.3261
  8114.3  1382.973629     0.6701     0.3243
  8108.9  1382.998043     0.3715     0.3225
  8103.4  1383.022457     0.7512     0.3206
  8098.0  1383.046872     0.4583     0.3187
  8092.6  1383.071286     2.7469     0.3167
  8087.1  1383.095700     5.6924     0.3147
  8081.7  1383.120114     7.7356     0.3127
  8076.3  1383.144528     7.4159     0.3105
  8070.8  1383.168942     4.3701     0.3084
  8065.4  1383.193356     1.1726     0.3062
  8060.0  1383.217770    -0.4757     0.3039
  8054.5  1383.242184     1.7209     0.3016
  8049.1  1383.266598     1.8177     0.2993
  8043.7  1383.291012    -1.5823     0.2969
  8038.2  1383.315426    -1.7035     0.2945
  8032.8  1383.339840    -0.2849     0.2921
  8027.4  1383.364254    -0.9186     0.2896
  8021.9  1383.388668    -1.5764     0.2870
  8016.5  1383.413082    -0.0952     0.2844
  8011.1  1383.437497     0.4455     0.2818
  8005.6  1383.461911    -1.2744     0.2792
  8000.2  1383.486325    -1.1045     0.2765
  7994.8  1383.510739     3.2067     0.2738
  7989.3  1383.535153     4.3548     0.2711
  7983.9  1383.559567     1.9664     0.2683
  7978.5  1383.583981     1.4320     0.2655
  7973.0  1383.608395    -0.5044     0.2626
  7967.6  1383.632809    -2.7610     0.2598
  7962.2  1383.657223    -1.9323     0.2569
  7956.8  1383.681637    -1.6821     0.2540
  7951.3  1383.706051    -2.4878     0.2510
  7945.9  1383.730465    -5.0041     0.2481
  7940.5  1383.754879    -5.1263     0.2451
  7935.0  1383.779293     0.3626     0.2421
  7929.6  1383.803707     1.0868     0.2391
  7924.2  1383.828122    -3.3895     0.2360
  7918.7  1383.852536    -3.6277     0.2330
  7913.3  1383.876950    -1.8904     0.2299
  7907.9  1383.901364    -2.1397     0.2268
  7902.5  1383.925778    -2.9324     0.2237
  7897.0  1383.950192    -1.7917     0.2206
  7891.6  1383.974606     0.4481     0.2175
  7886.2  1383.999020    -1.0976     0.2144
  7880.8  1384.023434    -3.1761     0.2113
  7875.3  1384.047848     0.4247     0.2081
  7869.9  1384.072262     2.6756     0.2050
  7864.5  1384.096676     2.4393     0.2019
  7859.0  1384.121090     4.1056     0.1987
  7853.6  1384.145504     3.2878     0.1956
  7848.2  1384.169918     0.0870     0.1925
  7842.8  1384.194332     0.5525     0.1894
  7837.3  1384.218747     2.6457     0.1863
  7831.9  1384.243161     0.9854     0.1832
  7826.5  1384.267575    -1.2979     0.1801
  7821.1  1384.291989     0.3040     0.1770
  7815.6  1384.316403     1.5176     0.1740
  7810.2  1384.340817    -0.2841     0.1709
  7804.8  1384.365231    -2.8461     0.1679
  7799.4  1384.389645    -0.1889     0.1649
  7793.9  1384.414059     4.3890     0.1620
  7788.5  1384.438473     3.7794     0.1590
  7783.1  1384.462887     2.2090     0.1561
  7777.7  1384.487301     3.2676     0.1532
  7772.2  1384.511715     3.5541     0.1504
  7766.8  1384.536129     3.0463     0.1476
  7761.4  1384.560543     2.7915     0.1448
  7756.0  1384.584957     1.0962     0.1420
  7750.6  1384.609372    -1.3008     0.1393
  7745.1  1384.633786    -3.3583     0.1367
  7739.7  1384.658200    -2.4836     0.1341
  7734.3  1384.682614    -1.2030     0.1315
  7728.9  1384.707028    -1.0891     0.1290
  7723.4  1384.731442    -0.1888     0.1266
  7718.0  1384.755856    -0.5007     0.1242
  7712.6  1384.780270    -0.3168     0.1218
  7707.2  1384.804684     1.2112     0.1196
  7701.8  1384.829098     1.4125     0.1173
  7696.3  1384.853512    -2.2325     0.1152
  7690.9  1384.877926    -4.2472     0.1131
  7685.5  1384.902340    -3.3230     0.1111
  7680.1  1384.926754    -2.8304     0.1092
  7674.7  1384.951168    -0.6929     0.1073
  7669.2  1384.975582     0.2754     0.1056
  7663.8  1384.999997    -1.0195     0.1039
  7658.4  1385.024411    -1.5456     0.1023
  7653.0  1385.048825     0.3520     0.1007
  7647.6  1385.073239     1.8372     0.0993
  7642.1  1385.097653    -0.3462     0.0980
  7636.7  1385.122067    -2.0120     0.0968
  7631.3  1385.146481    -0.7286     0.0956
  7625.9  1385.170895    -1.6184     0.0946
  7620.5  1385.195309    -3.4351     0.0937
  7615.0  1385.219723    -0.2077     0.0929
  7609.6  1385.244137     2.6550     0.0922
  7604.2  1385.268551     2.7041     0.0916
  7598.8  1385.292965     2.5356     0.0912
  7593.4  1385.317379     1.3823     0.0908
  7588.0  1385.341793     3.5685     0.0906
  7582.5  1385.366207     4.0149     0.0905
  7577.1  1385.390622     1.0826     0.0906
  7571.7  1385.415036     1.3153     0.0908
  7566.3  1385.439450    -0.2281     0.0911
  7560.9  1385.463864    -3.7153     0.0916
  7555.5  1385.488278    -3.3634     0.0922
  7550.0  1385.512692    -0.4881     0.0930
  7544.6  1385.537106    -1.5333     0.0940
  7539.2  1385.561520    -5.3268     0.0950
  7533.8  1385.585934    -2.9477     0.0963
  7528.4  1385.610348    -0.6370     0.0977
  7523.0  1385.634762    -3.4520     0.0993
  7517.6  1385.659176    -2.7342     0.1011
  7512.1  1385.683590     1.0233     0.1030
  7506.7  1385.708004     0.8774     0.1052
  7501.3  1385.732418     0.1568     0.1075
  7495.9  1385.756832     1.7105     0.1100
  7490.5  1385.781247     2.2153     0.1127
  7485.1  1385.805661     3.0651     0.1156
  7479.7  1385.830075     2.6580     0.1187
  7474.2  1385.854489     1.4962     0.1220
  7468.8  1385.878903     0.6112     0.1255
  7463.4  1385.903317    -2.2451     0.1292
  7458.0  1385.927731    -4.5067     0.1332
  7452.6  1385.952145    -2.9850     0.1374
  7447.2  1385.976559    -1.6149     0.1418
  7441.8  1386.000973    -1.4333     0.1464
  7436.4  1386.025387    -1.4118     0.1513
  7430.9  1386.049801    -2.2605     0.1564
  7425.5  1386.074215    -2.2723     0.1618
  7420.1  1386.098629    -0.0269     0.1674
  7414.7  1386.123043     1.0859     0.1733
  7409.3  1386.147457    -0.8877     0.1794
  7403.9  1386.171872    -0.9804     0.1858
  7398.5  1386.196286     0.8391     0.1925
  7393.1  1386.220700    -0.3502     0.1995
  7387.7  1386.245114    -1.6034     0.2067
  7382.2  1386.269528     2.6655     0.2142
  7376.8  1386.293942     5.3762     0.2220
  7371.4  1386.318356     1.8944     0.2301
  7366.0  1386.342770    -1.8628     0.2385
  7360.6  1386.367184    -3.8946     0.2472
  7355.2  1386.391598    -3.7876     0.2563
  7349.8  1386.416012    -1.3930     0.2656
  7344.4  1386.440426     2.5509     0.2753
  7339.0  1386.464840     3.9264     0.2853
  7333.6  1386.489254     4.1603     0.2956
  7328.2  1386.513668     3.6129     0.3062
  7322.8  1386.538082     0.6868     0.3173
  7317.3  1386.562497     0.5891     0.3286
  7311.9  1386.586911     1.1019     0.3403
  7306.5  1386.611325    -0.0392     0.3524
  7301.1  1386.635739    -0.4146     0.3648
  7295.7  1386.660153    -0.7076     0.3776
  7290.3  1386.684567     0.0193     0.3908
  7284.9  1386.708981     0.8630     0.4044
  7279.5  1386.733395    -0.2034     0.4184
  7274.1  1386.757809    -2.1383     0.4327
  7268.7  1386.782223    -0.5669     0.4475
  7263.3  1386.806637     4.5371     0.4627
  7257.9  1386.831051     6.8387     0.4783
  7252.5  1386.855465     2.6545     0.4943
  7247.1  1386.879879    -1.8636     0.5107
  7241.7  1386.904293    -2.4513     0.5276
  7236.3  1386.928707    -4.1184     0.5449
  7230.8  1386.953122    -3.3178     0.5626
  7225.4  1386.977536     2.1178     0.5808
  7220.0  1387.001950     3.4970     0.5995
  7214.6  1387.026364    -0.2621     0.6186
  7209.2  1387.050778    -2.3945     0.6382
  7203.8  1387.075192    -1.5940     0.6583
  7198.4  1387.099606     0.2773     0.6789
