#Arecibo Legacy Fast ALFA Survey
#http://egg.astro.cornell.edu/alfalfa/
#ASCII Table format
# 
#Telescope:      Arecibo Radio Telescope
#Instrument:     Arecibo Radio Telescope
#Beam size:      3.5x3.8 [arcminutes]
#Object:         AGC 716402
#RA:             234.19115  (J2000) decimal degrees
#DEC:            7.8337224  (J2000) decimal degrees
#Rest Frequency: 1.4204058e+09 [Hz]
#Bandwidth:      24.975586 [MHz]
#Channels:       1024
#Other name:     
#Detection Code:    1
#Data archive at http://arecibo.tc.cornell.edu/hiarchive/alfalfa/
#File generated by G. Hallenbeck  Thu Jul  8 16:05:48 2010
#This spectrum has been baseline subtracted.
#Table FORMAT:  (f8.1,1x,f12.6,1x,f10.4,1x,f10.4)
# 
#Column descriptions:
# 1. Heliocentric velocity [km/s]
# 2. Radio frequency [MHz]
# 3. Flux Density [mJy]
# 4. Subtracted polynomial baseline fit
# 
####################################################################
# 
  7956.8  1383.681637     0.7531     0.1490
  7951.3  1383.706051     0.7125     0.1435
  7945.9  1383.730465    -0.1841     0.1382
  7940.5  1383.754879     0.1271     0.1328
  7935.0  1383.779293    -0.1505     0.1276
  7929.6  1383.803707    -0.3834     0.1224
  7924.2  1383.828122    -1.1399     0.1172
  7918.7  1383.852536    -2.6094     0.1122
  7913.3  1383.876950    -2.9242     0.1071
  7907.9  1383.901364    -1.1727     0.1022
  7902.5  1383.925778     0.0113     0.0973
  7897.0  1383.950192    -1.5562     0.0924
  7891.6  1383.974606    -2.3559     0.0876
  7886.2  1383.999020     0.2314     0.0829
  7880.8  1384.023434     1.6794     0.0782
  7875.3  1384.047848     1.4499     0.0736
  7869.9  1384.072262     0.9456     0.0690
  7864.5  1384.096676    -1.2230     0.0645
  7859.0  1384.121090    -0.4704     0.0600
  7853.6  1384.145504     0.6553     0.0556
  7848.2  1384.169918    -2.1253     0.0513
  7842.8  1384.194332    -4.5601     0.0470
  7837.3  1384.218747    -2.7526     0.0427
  7831.9  1384.243161    -0.8389     0.0385
  7826.5  1384.267575    -0.5876     0.0344
  7821.1  1384.291989    -1.2711     0.0303
  7815.6  1384.316403    -1.4355     0.0263
  7810.2  1384.340817    -0.9838     0.0223
  7804.8  1384.365231     1.1267     0.0184
  7799.4  1384.389645     2.9682     0.0145
  7793.9  1384.414059     1.7742     0.0107
  7788.5  1384.438473     1.2380     0.0069
  7783.1  1384.462887     1.0654     0.0032
  7777.7  1384.487301     1.0115    -0.0005
  7772.2  1384.511715    -0.0803    -0.0041
  7766.8  1384.536129    -4.0888    -0.0077
  7761.4  1384.560543    -7.3051    -0.0112
  7756.0  1384.584957    -5.8509    -0.0147
  7750.6  1384.609372    -2.7495    -0.0181
  7745.1  1384.633786    -0.7502    -0.0215
  7739.7  1384.658200     0.0164    -0.0248
  7734.3  1384.682614    -1.3590    -0.0281
  7728.9  1384.707028    -3.8223    -0.0313
  7723.4  1384.731442    -2.8344    -0.0345
  7718.0  1384.755856     1.5823    -0.0377
  7712.6  1384.780270     1.8269    -0.0408
  7707.2  1384.804684    -1.2916    -0.0438
  7701.8  1384.829098    -1.1243    -0.0468
  7696.3  1384.853512    -2.5346    -0.0497
  7690.9  1384.877926    -5.0881    -0.0526
  7685.5  1384.902340    -1.3137    -0.0555
  7680.1  1384.926754     2.6763    -0.0583
  7674.7  1384.951168     3.2107    -0.0611
  7669.2  1384.975582     2.5410    -0.0638
  7663.8  1384.999997     0.2912    -0.0665
  7658.4  1385.024411    -1.7117    -0.0691
  7653.0  1385.048825    -1.0800    -0.0717
  7647.6  1385.073239     1.5745    -0.0742
  7642.1  1385.097653     1.3368    -0.0767
  7636.7  1385.122067    -2.0872    -0.0792
  7631.3  1385.146481    -2.8862    -0.0816
  7625.9  1385.170895     0.2797    -0.0840
  7620.5  1385.195309     3.3039    -0.0863
  7615.0  1385.219723     3.0739    -0.0886
  7609.6  1385.244137    -0.8233    -0.0908
  7604.2  1385.268551    -2.0787    -0.0930
  7598.8  1385.292965     0.7551    -0.0952
  7593.4  1385.317379     0.7447    -0.0973
  7588.0  1385.341793    -1.6839    -0.0994
  7582.5  1385.366207    -0.7613    -0.1014
  7577.1  1385.390622     1.2080    -0.1034
  7571.7  1385.415036     0.6994    -0.1054
  7566.3  1385.439450     1.2758    -0.1073
  7560.9  1385.463864     3.2284    -0.1092
  7555.5  1385.488278     4.1741    -0.1110
  7550.0  1385.512692     3.9589    -0.1128
  7544.6  1385.537106     3.2328    -0.1146
  7539.2  1385.561520     2.7824    -0.1163
  7533.8  1385.585934     1.4591    -0.1180
  7528.4  1385.610348    -0.1027    -0.1196
  7523.0  1385.634762     0.4409    -0.1212
  7517.6  1385.659176     4.5032    -0.1228
  7512.1  1385.683590     7.0943    -0.1243
  7506.7  1385.708004     5.4421    -0.1258
  7501.3  1385.732418     3.1359    -0.1273
  7495.9  1385.756832     4.1862    -0.1287
  7490.5  1385.781247     4.9006    -0.1301
  7485.1  1385.805661     2.9005    -0.1314
  7479.7  1385.830075     2.6785    -0.1327
  7474.2  1385.854489     3.0484    -0.1340
  7468.8  1385.878903     3.1314    -0.1352
  7463.4  1385.903317     0.7962    -0.1364
  7458.0  1385.927731    -1.6028    -0.1376
  7452.6  1385.952145    -1.2736    -0.1387
  7447.2  1385.976559    -0.2030    -0.1398
  7441.8  1386.000973     0.3104    -0.1409
  7436.4  1386.025387    -1.7086    -0.1419
  7430.9  1386.049801    -2.1730    -0.1429
  7425.5  1386.074215     2.1761    -0.1439
  7420.1  1386.098629     3.2087    -0.1448
  7414.7  1386.123043    -0.3440    -0.1457
  7409.3  1386.147457    -2.0084    -0.1466
  7403.9  1386.171872    -1.3804    -0.1474
  7398.5  1386.196286     1.1482    -0.1482
  7393.1  1386.220700     0.9422    -0.1490
  7387.7  1386.245114    -2.1580    -0.1497
  7382.2  1386.269528    -1.8014    -0.1505
  7376.8  1386.293942    -2.0483    -0.1511
  7371.4  1386.318356    -3.2790    -0.1518
  7366.0  1386.342770    -1.1183    -0.1524
  7360.6  1386.367184     1.5991    -0.1530
  7355.2  1386.391598     3.9121    -0.1535
  7349.8  1386.416012     4.0904    -0.1540
  7344.4  1386.440426     1.5130    -0.1545
  7339.0  1386.464840    -0.5407    -0.1550
  7333.6  1386.489254    -0.3337    -0.1554
  7328.2  1386.513668     1.5554    -0.1558
  7322.8  1386.538082     1.9591    -0.1562
  7317.3  1386.562497    -0.2628    -0.1566
  7311.9  1386.586911    -0.9287    -0.1569
  7306.5  1386.611325    -0.5522    -0.1572
  7301.1  1386.635739     0.6659    -0.1574
  7295.7  1386.660153     2.0489    -0.1577
  7290.3  1386.684567     0.7292    -0.1579
  7284.9  1386.708981     0.8404    -0.1581
  7279.5  1386.733395     2.8604    -0.1582
  7274.1  1386.757809     1.8706    -0.1583
  7268.7  1386.782223     1.0365    -0.1584
  7263.3  1386.806637     2.6506    -0.1585
  7257.9  1386.831051     4.6748    -0.1585
  7252.5  1386.855465     4.0780    -0.1586
  7247.1  1386.879879     1.6576    -0.1586
  7241.7  1386.904293     1.6015    -0.1585
  7236.3  1386.928707     4.0739    -0.1585
  7230.8  1386.953122     5.1483    -0.1584
  7225.4  1386.977536     2.5107    -0.1583
  7220.0  1387.001950    -1.3254    -0.1582
  7214.6  1387.026364    -3.0617    -0.1580
  7209.2  1387.050778    -2.0212    -0.1578
  7203.8  1387.075192     0.4887    -0.1576
  7198.4  1387.099606     1.1669    -0.1574
  7193.0  1387.124020    -1.0785    -0.1571
  7187.6  1387.148434    -2.8319    -0.1569
  7182.2  1387.172848    -3.0619    -0.1566
  7176.8  1387.197262    -0.4797    -0.1562
  7171.4  1387.221676     0.9489    -0.1559
  7166.0  1387.246090     0.2206    -0.1555
  7160.6  1387.270504     1.0844    -0.1552
  7155.2  1387.294918    -0.8559    -0.1547
  7149.8  1387.319332    -2.9417    -0.1543
  7144.4  1387.343747     0.1950    -0.1539
  7139.0  1387.368161     3.4257    -0.1534
  7133.6  1387.392575     2.2791    -0.1529
  7128.2  1387.416989    -2.2824    -0.1524
  7122.8  1387.441403    -4.2457    -0.1518
  7117.4  1387.465817    -2.5454    -0.1513
  7112.0  1387.490231    -1.3676    -0.1507
  7106.6  1387.514645    -2.6293    -0.1501
  7101.2  1387.539059    -2.2563    -0.1495
  7095.8  1387.563473    -0.8640    -0.1488
  7090.4  1387.587887    -2.0640    -0.1482
  7085.0  1387.612301    -2.1420    -0.1475
  7079.6  1387.636715    -0.7457    -0.1468
  7074.2  1387.661129     0.5934    -0.1461
  7068.8  1387.685543     1.8798    -0.1454
  7063.4  1387.709957     1.0490    -0.1446
  7058.0  1387.734372     0.6129    -0.1438
  7052.6  1387.758786     1.2780    -0.1431
  7047.2  1387.783200     1.4627    -0.1423
  7041.8  1387.807614     2.8943    -0.1414
  7036.4  1387.832028     1.4953    -0.1406
  7031.0  1387.856442    -0.0084    -0.1397
  7025.6  1387.880856     0.8068    -0.1389
  7020.2  1387.905270    -0.0031    -0.1380
  7014.8  1387.929684    -0.8132    -0.1370
  7009.4  1387.954098    -0.3847    -0.1361
  7004.0  1387.978512    -2.1410    -0.1352
  6998.6  1388.002926    -4.8311    -0.1342
  6993.2  1388.027340    -3.5435    -0.1332
  6987.8  1388.051754    -2.6633    -0.1323
  6982.4  1388.076168    -2.6430    -0.1313
  6977.1  1388.100582    -1.6100    -0.1302
  6971.7  1388.124997    -3.9028    -0.1292
  6966.3  1388.149411    -4.2100    -0.1281
  6960.9  1388.173825     0.0357    -0.1271
  6955.5  1388.198239     1.3406    -0.1260
  6950.1  1388.222653     1.7105    -0.1249
  6944.7  1388.247067     1.1093    -0.1238
  6939.3  1388.271481     0.1970    -0.1227
  6933.9  1388.295895     2.1492    -0.1215
  6928.5  1388.320309     1.8821    -0.1204
  6923.1  1388.344723     0.2329    -0.1192
  6917.7  1388.369137     0.3788    -0.1180
  6912.3  1388.393551     1.6698    -0.1169
  6906.9  1388.417965     2.8637    -0.1157
  6901.5  1388.442379     2.3137    -0.1144
  6896.1  1388.466793     0.9410    -0.1132
  6890.7  1388.491207    -0.0543    -0.1120
  6885.4  1388.515622    -0.4290    -0.1107
  6880.0  1388.540036    -1.5830    -0.1095
  6874.6  1388.564450    -1.1743    -0.1082
  6869.2  1388.588864     0.8531    -0.1069
  6863.8  1388.613278     2.0130    -0.1056
  6858.4  1388.637692     2.5876    -0.1043
  6853.0  1388.662106     2.6217    -0.1030
  6847.6  1388.686520     2.9841    -0.1016
  6842.2  1388.710934     1.4606    -0.1003
  6836.8  1388.735348    -0.1486    -0.0989
  6831.4  1388.759762     1.7410    -0.0976
  6826.1  1388.784176     3.5744    -0.0962
  6820.7  1388.808590     2.3256    -0.0948
  6815.3  1388.833004     0.9810    -0.0934
  6809.9  1388.857418     1.1806    -0.0920
  6804.5  1388.881832     1.9891    -0.0906
  6799.1  1388.906247     1.4121    -0.0892
  6793.7  1388.930661     0.4442    -0.0878
  6788.3  1388.955075     0.1168    -0.0863
  6782.9  1388.979489    -1.0649    -0.0849
  6777.5  1389.003903    -1.9340    -0.0834
  6772.2  1389.028317    -1.9113    -0.0819
  6766.8  1389.052731    -1.5613    -0.0805
  6761.4  1389.077145    -1.8152    -0.0790
  6756.0  1389.101559    -1.2617    -0.0775
  6750.6  1389.125973    -1.1126    -0.0760
  6745.2  1389.150387    -1.3638    -0.0745
  6739.8  1389.174801    -2.3785    -0.0730
  6734.4  1389.199215    -1.7816    -0.0715
  6729.1  1389.223629    -0.7782    -0.0699
  6723.7  1389.248043    -1.2883    -0.0684
  6718.3  1389.272457     0.0451    -0.0669
  6712.9  1389.296872     0.3125    -0.0653
  6707.5  1389.321286    -1.6671    -0.0638
  6702.1  1389.345700    -1.9015    -0.0622
  6696.7  1389.370114    -2.5893    -0.0606
  6691.4  1389.394528    -1.6370    -0.0591
  6686.0  1389.418942    -0.8656    -0.0575
  6680.6  1389.443356    -1.6215    -0.0559
  6675.2  1389.467770    -0.7579    -0.0543
  6669.8  1389.492184     0.2940    -0.0527
  6664.4  1389.516598    -0.6632    -0.0511
  6659.0  1389.541012    -2.7641    -0.0495
  6653.7  1389.565426    -4.2012    -0.0479
  6648.3  1389.589840    -2.2511    -0.0463
  6642.9  1389.614254    -0.6960    -0.0447
  6637.5  1389.638668    -1.1359    -0.0431
  6632.1  1389.663082     0.6925    -0.0414
  6626.7  1389.687497     2.2332    -0.0398
  6621.4  1389.711911     1.6744    -0.0382
  6616.0  1389.736325     0.0517    -0.0365
  6610.6  1389.760739    -0.6166    -0.0349
  6605.2  1389.785153     0.6277    -0.0332
  6599.8  1389.809567     0.5305    -0.0316
  6594.4  1389.833981     0.9602    -0.0299
  6589.1  1389.858395     0.3866    -0.0283
  6583.7  1389.882809     0.5566    -0.0266
  6578.3  1389.907223     1.6382    -0.0250
  6572.9  1389.931637     2.2828    -0.0233
  6567.5  1389.956051     0.8072    -0.0216
  6562.2  1389.980465    -1.2693    -0.0200
  6556.8  1390.004879    -1.0904    -0.0183
  6551.4  1390.029293    -1.0412    -0.0166
  6546.0  1390.053707     0.3576    -0.0150
  6540.6  1390.078122     0.2992    -0.0133
  6535.3  1390.102536    -3.3549    -0.0116
  6529.9  1390.126950    -4.4469    -0.0099
  6524.5  1390.151364    -3.5554    -0.0083
  6519.1  1390.175778    -2.7389    -0.0066
  6513.7  1390.200192    -0.5425    -0.0049
  6508.4  1390.224606     2.1441    -0.0032
  6503.0  1390.249020     2.1638    -0.0015
  6497.6  1390.273434     0.3527     0.0001
  6492.2  1390.297848    -0.3849     0.0018
  6486.8  1390.322262    -0.0917     0.0035
  6481.5  1390.346676     1.2051     0.0052
  6476.1  1390.371090     1.4654     0.0069
  6470.7  1390.395504     0.0562     0.0086
  6465.3  1390.419918     0.3636     0.0102
  6460.0  1390.444332     1.1392     0.0119
  6454.6  1390.468747     0.0796     0.0136
  6449.2  1390.493161    -1.8771     0.0153
  6443.8  1390.517575    -2.3286     0.0170
  6438.4  1390.541989    -1.0669     0.0186
  6433.1  1390.566403    -0.6133     0.0203
  6427.7  1390.590817    -3.4573     0.0220
  6422.3  1390.615231    -5.0070     0.0237
  6416.9  1390.639645    -2.0831     0.0253
  6411.6  1390.664059     0.1781     0.0270
  6406.2  1390.688473    -0.4113     0.0287
  6400.8  1390.712887    -1.5966     0.0304
  6395.4  1390.737301    -2.5664     0.0320
  6390.1  1390.761715    -0.9310     0.0337
  6384.7  1390.786129     3.1401     0.0353
  6379.3  1390.810543     4.0535     0.0370
  6373.9  1390.834957     0.0494     0.0387
  6368.6  1390.859372    -2.5736     0.0403
  6363.2  1390.883786    -2.8256     0.0420
  6357.8  1390.908200    -2.8304     0.0436
  6352.4  1390.932614    -0.5004     0.0453
  6347.1  1390.957028     4.0376     0.0469
  6341.7  1390.981442     5.2349     0.0485
  6336.3  1391.005856     0.9874     0.0502
  6331.0  1391.030270    -0.5125     0.0518
  6325.6  1391.054684     1.0637     0.0534
  6320.2  1391.079098    -1.0508     0.0551
  6314.8  1391.103512    -1.9092     0.0567
  6309.5  1391.127926    -0.7466     0.0583
  6304.1  1391.152340    -1.8742     0.0599
  6298.7  1391.176754    -1.7937     0.0615
  6293.4  1391.201168     0.6964     0.0631
  6288.0  1391.225582     1.6983     0.0647
  6282.6  1391.249997    -0.0217     0.0663
  6277.2  1391.274411    -2.0101     0.0679
  6271.9  1391.298825    -1.2510     0.0695
  6266.5  1391.323239     0.6629     0.0711
  6261.1  1391.347653     0.7012     0.0726
  6255.8  1391.372067    -0.8424     0.0742
  6250.4  1391.396481    -4.4385     0.0758
  6245.0  1391.420895    -7.4922     0.0773
  6239.6  1391.445309    -5.6466     0.0789
  6234.3  1391.469723    -1.6230     0.0804
  6228.9  1391.494137     0.7625     0.0820
  6223.5  1391.518551    -0.6405     0.0835
  6218.2  1391.542965    -3.3193     0.0851
  6212.8  1391.567379    -3.0902     0.0866
  6207.4  1391.591793    -1.7587     0.0881
  6202.1  1391.616207    -1.6378     0.0896
  6196.7  1391.640622    -2.2095     0.0911
  6191.3  1391.665036    -1.1435     0.0926
  6186.0  1391.689450     1.5302     0.0941
  6180.6  1391.713864     2.2961     0.0956
  6175.2  1391.738278     0.9211     0.0971
  6169.9  1391.762692     0.0017     0.0985
  6164.5  1391.787106     0.0687     0.1000
  6159.1  1391.811520    -0.4844     0.1015
  6153.8  1391.835934    -1.2871     0.1029
  6148.4  1391.860348    -1.2891     0.1044
  6143.0  1391.884762    -1.8849     0.1058
  6137.7  1391.909176    -4.1506     0.1072
  6132.3  1391.933590    -4.9823     0.1087
  6126.9  1391.958004    -0.7483     0.1101
  6121.6  1391.982418     1.7862     0.1115
  6116.2  1392.006832     0.3234     0.1129
  6110.8  1392.031247    -1.4690     0.1143
  6105.5  1392.055661    -2.0570     0.1156
  6100.1  1392.080075     0.9525     0.1170
  6094.7  1392.104489     2.9183     0.1184
  6089.4  1392.128903     0.4710     0.1197
  6084.0  1392.153317    -1.3312     0.1211
  6078.6  1392.177731     1.0282     0.1224
  6073.3  1392.202145     3.2233     0.1238
  6067.9  1392.226559     1.1288     0.1251
  6062.6  1392.250973    -2.4408     0.1264
  6057.2  1392.275387    -5.1563     0.1277
  6051.8  1392.299801    -5.7030     0.1290
  6046.5  1392.324215    -1.8206     0.1303
  6041.1  1392.348629     1.5630     0.1316
  6035.7  1392.373043     1.4703     0.1328
  6030.4  1392.397457     0.4332     0.1341
  6025.0  1392.421872    -0.1950     0.1354
  6019.7  1392.446286     0.3303     0.1366
  6014.3  1392.470700     1.6651     0.1378
  6008.9  1392.495114     0.9006     0.1390
  6003.6  1392.519528    -0.8318     0.1403
  5998.2  1392.543942    -3.1937     0.1415
  5992.8  1392.568356    -3.8955     0.1427
  5987.5  1392.592770    -0.0527     0.1438
  5982.1  1392.617184     0.4707     0.1450
  5976.8  1392.641598    -0.1854     0.1462
  5971.4  1392.666012     3.4872     0.1473
  5966.0  1392.690426     4.1543     0.1485
  5960.7  1392.714840     1.2230     0.1496
  5955.3  1392.739254     0.0822     0.1507
  5950.0  1392.763668     1.7680     0.1518
  5944.6  1392.788082     4.5247     0.1529
  5939.2  1392.812497     6.0536     0.1540
  5933.9  1392.836911     4.0296     0.1551
  5928.5  1392.861325     0.8156     0.1562
  5923.2  1392.885739    -2.7626     0.1572
  5917.8  1392.910153    -5.0209     0.1583
  5912.5  1392.934567    -2.2291     0.1593
  5907.1  1392.958981     1.3116     0.1603
  5901.7  1392.983395     2.4572     0.1613
  5896.4  1393.007809     4.9458     0.1623
  5891.0  1393.032223     6.7829     0.1633
  5885.7  1393.056637     2.3170     0.1643
  5880.3  1393.081051    -2.0333     0.1652
  5874.9  1393.105465    -0.7733     0.1662
  5869.6  1393.129879     0.8254     0.1671
  5864.2  1393.154293     2.4287     0.1681
  5858.9  1393.178707     2.7540     0.1690
  5853.5  1393.203122     0.2529     0.1699
  5848.2  1393.227536    -3.7958     0.1708
  5842.8  1393.251950    -7.0411     0.1717
  5837.5  1393.276364    -4.5501     0.1725
  5832.1  1393.300778    -0.9316     0.1734
  5826.7  1393.325192    -1.6601     0.1742
  5821.4  1393.349606    -2.2062     0.1751
  5816.0  1393.374020    -0.3087     0.1759
  5810.7  1393.398434     1.2472     0.1767
  5805.3  1393.422848     1.4733     0.1775
  5800.0  1393.447262     0.4898     0.1783
  5794.6  1393.471676    -1.4042     0.1791
  5789.3  1393.496090    -1.8261     0.1798
  5783.9  1393.520504     0.5122     0.1806
  5778.6  1393.544918     2.1180     0.1813
  5773.2  1393.569332    -0.4557     0.1820
  5767.9  1393.593747    -1.8924     0.1827
  5762.5  1393.618161     0.1311     0.1834
  5757.1  1393.642575     1.8292     0.1841
  5751.8  1393.666989     1.8156     0.1848
  5746.4  1393.691403     0.0532     0.1854
  5741.1  1393.715817    -1.8781     0.1861
  5735.7  1393.740231    -2.0965     0.1867
  5730.4  1393.764645    -1.3558     0.1873
  5725.0  1393.789059     0.0970     0.1879
  5719.7  1393.813473     1.2369     0.1885
  5714.3  1393.837887     1.5013     0.1891
  5709.0  1393.862301     0.7479     0.1896
  5703.6  1393.886715     0.8340     0.1902
  5698.3  1393.911129    -0.5762     0.1907
  5692.9  1393.935543    -1.9469     0.1912
  5687.6  1393.959957     1.8842     0.1918
  5682.2  1393.984372     3.9423     0.1922
  5676.9  1394.008786     0.6719     0.1927
  5671.5  1394.033200    -0.5189     0.1932
  5666.2  1394.057614     1.0093     0.1936
  5660.8  1394.082028     1.8413     0.1941
  5655.5  1394.106442     0.5292     0.1945
  5650.1  1394.130856    -0.4845     0.1949
  5644.8  1394.155270     0.7129     0.1953
  5639.4  1394.179684     2.0357     0.1957
  5634.1  1394.204098     0.7774     0.1961
  5628.7  1394.228512    -1.8099     0.1964
  5623.4  1394.252926    -1.5795     0.1968
  5618.0  1394.277340     0.1784     0.1971
  5612.7  1394.301754     1.2498     0.1974
  5607.3  1394.326168     2.1261     0.1977
  5602.0  1394.350582     0.2211     0.1980
  5596.6  1394.374997    -1.2945     0.1982
  5591.3  1394.399411    -0.1986     0.1985
  5586.0  1394.423825     1.3354     0.1987
  5580.6  1394.448239     1.9704     0.1990
  5575.3  1394.472653    -0.2306     0.1992
  5569.9  1394.497067    -2.0979     0.1994
  5564.6  1394.521481    -1.4627     0.1996
  5559.2  1394.545895    -0.7454     0.1997
  5553.9  1394.570309     2.0296     0.1999
  5548.5  1394.594723     3.1404     0.2000
  5543.2  1394.619137     0.4950     0.2001
  5537.8  1394.643551    -0.7081     0.2002
  5532.5  1394.667965     0.7497     0.2003
  5527.2  1394.692379     0.7324     0.2004
  5521.8  1394.716793     1.1323     0.2005
  5516.5  1394.741207     2.8751     0.2005
  5511.1  1394.765622     3.6776     0.2006
  5505.8  1394.790036     1.8724     0.2006
  5500.4  1394.814450     0.2799     0.2006
  5495.1  1394.838864     2.0009     0.2006
  5489.7  1394.863278     3.1241     0.2005
  5484.4  1394.887692     1.6334     0.2005
  5479.1  1394.912106     3.0518     0.2004
  5473.7  1394.936520     3.4479     0.2004
  5468.4  1394.960934     1.6628     0.2003
  5463.0  1394.985348    -0.2739     0.2002
  5457.7  1395.009762    -1.6833     0.2001
  5452.3  1395.034176    -0.1726     0.1999
  5447.0  1395.058590     0.4364     0.1998
  5441.7  1395.083004    -1.5500     0.1996
  5436.3  1395.107418    -0.7694     0.1994
  5431.0  1395.131832    -0.1749     0.1992
  5425.6  1395.156247    -0.0357     0.1990
  5420.3  1395.180661     1.2255     0.1988
  5415.0  1395.205075     0.4450     0.1986
  5409.6  1395.229489    -1.3096     0.1983
  5404.3  1395.253903    -0.1596     0.1980
  5398.9  1395.278317     0.6689     0.1977
  5393.6  1395.302731     0.5799     0.1974
  5388.3  1395.327145    -0.2473     0.1971
  5382.9  1395.351559    -0.6518     0.1968
  5377.6  1395.375973     2.4836     0.1964
  5372.2  1395.400387     3.3126     0.1961
  5366.9  1395.424801    -0.0363     0.1957
  5361.6  1395.449215     0.3224     0.1953
  5356.2  1395.473629     2.9746     0.1949
  5350.9  1395.498043     2.4673     0.1945
  5345.5  1395.522457     2.4953     0.1940
  5340.2  1395.546872     4.1404     0.1936
  5334.9  1395.571286     0.8039     0.1931
  5329.5  1395.595700    -2.6774     0.1926
  5324.2  1395.620114    -1.7823     0.1921
  5318.9  1395.644528     0.2116     0.1916
  5313.5  1395.668942     1.7480     0.1911
  5308.2  1395.693356     2.8511     0.1905
  5302.8  1395.717770     1.9798     0.1899
  5297.5  1395.742184    -0.3424     0.1894
  5292.2  1395.766598    -1.1510     0.1888
  5286.8  1395.791012     0.6273     0.1882
  5281.5  1395.815426     0.9874     0.1875
  5276.2  1395.839840    -2.4456     0.1869
  5270.8  1395.864254    -4.1942     0.1862
  5265.5  1395.888668     0.4205     0.1855
  5260.2  1395.913082     5.0647     0.1849
  5254.8  1395.937497     5.0603     0.1842
  5249.5  1395.961911     2.5945     0.1834
  5244.2  1395.986325     0.9041     0.1827
  5238.8  1396.010739    -0.6649     0.1819
  5233.5  1396.035153    -2.2193     0.1812
  5228.1  1396.059567    -0.7818     0.1804
  5222.8  1396.083981     2.3465     0.1796
  5217.5  1396.108395     2.7774     0.1788
  5212.1  1396.132809     2.8445     0.1779
  5206.8  1396.157223     1.8360     0.1771
  5201.5  1396.181637     0.8037     0.1762
  5196.1  1396.206051     0.6161     0.1754
  5190.8  1396.230465    -1.1820     0.1745
  5185.5  1396.254879    -2.9777     0.1736
  5180.1  1396.279293    -2.2747     0.1726
  5174.8  1396.303707    -1.9144     0.1717
  5169.5  1396.328122    -1.9095     0.1707
  5164.2  1396.352536    -0.7228     0.1698
  5158.8  1396.376950    -1.0867     0.1688
  5153.5  1396.401364    -0.0282     0.1678
  5148.2  1396.425778     3.6409     0.1668
  5142.8  1396.450192     2.8233     0.1657
  5137.5  1396.474606     0.4275     0.1647
  5132.2  1396.499020     1.8814     0.1636
  5126.8  1396.523434     3.6225     0.1625
  5121.5  1396.547848     3.5329     0.1614
  5116.2  1396.572262     0.9081     0.1603
  5110.8  1396.596676    -3.4267     0.1592
  5105.5  1396.621090    -2.4417     0.1581
  5100.2  1396.645504     1.0783     0.1569
  5094.9  1396.669918     0.1349     0.1557
  5089.5  1396.694332     0.3143     0.1546
  5084.2  1396.718747     1.8198     0.1534
  5078.9  1396.743161     0.7594     0.1521
  5073.5  1396.767575     0.7844     0.1509
  5068.2  1396.791989     1.1179     0.1497
  5062.9  1396.816403    -1.0947     0.1484
  5057.6  1396.840817    -1.1722     0.1471
  5052.2  1396.865231    -0.5457     0.1458
  5046.9  1396.889645    -3.7581     0.1445
  5041.6  1396.914059    -5.6693     0.1432
  5036.2  1396.938473    -4.3410     0.1419
  5030.9  1396.962887    -0.9666     0.1405
  5025.6  1396.987301     2.1377     0.1391
  5020.3  1397.011715     1.5567     0.1377
  5014.9  1397.036129    -0.7425     0.1363
  5009.6  1397.060543    -1.7210     0.1349
  5004.3  1397.084957    -2.0261     0.1335
  4999.0  1397.109372    -0.7736     0.1321
  4993.6  1397.133786    -1.3662     0.1306
  4988.3  1397.158200    -3.4801     0.1291
  4983.0  1397.182614    -1.7398     0.1276
  4977.6  1397.207028     1.1712     0.1261
  4972.3  1397.231442     0.6867     0.1246
  4967.0  1397.255856    -0.1204     0.1231
  4961.7  1397.280270    -0.4624     0.1215
  4956.3  1397.304684    -0.7997     0.1200
  4951.0  1397.329098     0.4218     0.1184
  4945.7  1397.353512    -0.2509     0.1168
  4940.4  1397.377926    -3.5982     0.1152
  4935.1  1397.402340    -3.0165     0.1136
  4929.7  1397.426754    -2.0241     0.1120
  4924.4  1397.451168    -2.6127     0.1103
  4919.1  1397.475582    -1.0711     0.1087
  4913.8  1397.499997     0.0094     0.1070
  4908.4  1397.524411    -1.3436     0.1053
  4903.1  1397.548825    -3.1002     0.1036
  4897.8  1397.573239    -2.8326     0.1019
  4892.5  1397.597653     1.5505     0.1001
  4887.1  1397.622067     3.5523     0.0984
  4881.8  1397.646481     2.7013     0.0966
  4876.5  1397.670895     0.5860     0.0948
  4871.2  1397.695309    -1.5875     0.0931
  4865.9  1397.719723    -3.1886     0.0913
  4860.5  1397.744137    -4.3756     0.0894
  4855.2  1397.768551    -3.0315     0.0876
  4849.9  1397.792965     0.4396     0.0858
  4844.6  1397.817379     1.7867     0.0839
  4839.3  1397.841793     0.4807     0.0820
  4833.9  1397.866207    -1.6829     0.0801
  4828.6  1397.890622    -0.6916     0.0782
  4823.3  1397.915036     0.0259     0.0763
  4818.0  1397.939450    -0.1128     0.0744
  4812.7  1397.963864    -0.1771     0.0725
  4807.3  1397.988278    -1.7964     0.0705
  4802.0  1398.012692    -0.5902     0.0685
  4796.7  1398.037106     3.9394     0.0666
  4791.4  1398.061520     4.7459     0.0646
  4786.1  1398.085934     3.2121     0.0626
  4780.7  1398.110348     2.5353     0.0605
  4775.4  1398.134762     2.8807     0.0585
  4770.1  1398.159176     2.8849     0.0565
  4764.8  1398.183590     1.7518     0.0544
  4759.5  1398.208004    -0.7603     0.0523
  4754.1  1398.232418    -1.4116     0.0502
  4748.8  1398.256832    -0.5600     0.0481
  4743.5  1398.281247     0.3693     0.0460
  4738.2  1398.305661     3.0151     0.0439
  4732.9  1398.330075     4.7621     0.0418
  4727.6  1398.354489     2.2850     0.0396
  4722.2  1398.378903     0.7550     0.0375
  4716.9  1398.403317    -1.6913     0.0353
  4711.6  1398.427731    -2.7191     0.0331
  4706.3  1398.452145    -0.5667     0.0309
  4701.0  1398.476559    -1.3237     0.0287
  4695.7  1398.500973    -2.5920     0.0265
  4690.3  1398.525387    -1.7317     0.0242
  4685.0  1398.549801     1.2604     0.0220
  4679.7  1398.574215     3.5792     0.0197
  4674.4  1398.598629     1.7491     0.0174
  4669.1  1398.623043    -1.0054     0.0152
  4663.8  1398.647457    -3.5852     0.0129
  4658.5  1398.671872    -3.3567     0.0106
  4653.1  1398.696286    -0.5799     0.0082
  4647.8  1398.720700    -1.3063     0.0059
  4642.5  1398.745114    -2.0703     0.0036
  4637.2  1398.769528     0.1263     0.0012
  4631.9  1398.793942    -0.3229    -0.0011
  4626.6  1398.818356    -1.9858    -0.0035
  4621.3  1398.842770    -1.5145    -0.0059
  4616.0  1398.867184     1.3273    -0.0083
  4610.6  1398.891598     3.4695    -0.0107
  4605.3  1398.916012     2.5067    -0.0131
  4600.0  1398.940426    -0.2685    -0.0156
  4594.7  1398.964840    -1.4976    -0.0180
  4589.4  1398.989254    -2.7188    -0.0205
  4584.1  1399.013668    -1.7254    -0.0229
  4578.8  1399.038082     3.0009    -0.0254
  4573.5  1399.062497     5.4003    -0.0279
  4568.1  1399.086911     3.7906    -0.0304
  4562.8  1399.111325     3.3964    -0.0329
  4557.5  1399.135739     1.6886    -0.0354
  4552.2  1399.160153    -1.9760    -0.0379
  4546.9  1399.184567    -2.6675    -0.0405
  4541.6  1399.208981     1.0928    -0.0430
  4536.3  1399.233395     1.7991    -0.0456
  4531.0  1399.257809    -0.2478    -0.0481
  4525.7  1399.282223    -0.5714    -0.0507
  4520.4  1399.306637    -0.2629    -0.0533
  4515.0  1399.331051     0.9677    -0.0559
  4509.7  1399.355465     2.4372    -0.0585
  4504.4  1399.379879     1.5591    -0.0611
  4499.1  1399.404293     0.9321    -0.0637
  4493.8  1399.428707     1.4096    -0.0664
  4488.5  1399.453122     0.1873    -0.0690
  4483.2  1399.477536    -1.8447    -0.0717
  4477.9  1399.501950    -1.3757    -0.0743
  4472.6  1399.526364     0.2262    -0.0770
  4467.3  1399.550778     0.7950    -0.0797
  4462.0  1399.575192    -2.3180    -0.0824
  4456.7  1399.599606    -2.8751    -0.0851
  4451.3  1399.624020     1.4996    -0.0878
  4446.0  1399.648434     2.6583    -0.0905
  4440.7  1399.672848    -2.5108    -0.0932
  4435.4  1399.697262    -3.9507    -0.0959
  4430.1  1399.721676    -1.6555    -0.0987
  4424.8  1399.746090     0.8513    -0.1014
  4419.5  1399.770504     2.1981    -0.1042
  4414.2  1399.794918    -0.8091    -0.1069
  4408.9  1399.819332    -4.0306    -0.1097
  4403.6  1399.843747    -2.7562    -0.1125
  4398.3  1399.868161    -0.4466    -0.1153
  4393.0  1399.892575     2.0620    -0.1181
  4387.7  1399.916989     1.9246    -0.1209
  4382.4  1399.941403    -1.4273    -0.1237
  4377.1  1399.965817    -4.1858    -0.1265
  4371.8  1399.990231    -3.7665    -0.1293
  4366.5  1400.014645    -1.4665    -0.1322
  4361.2  1400.039059    -0.4605    -0.1350
  4355.8  1400.063473    -0.7854    -0.1378
  4350.5  1400.087887    -2.0711    -0.1407
  4345.2  1400.112301    -5.2832    -0.1435
  4339.9  1400.136715    -4.7313    -0.1464
  4334.6  1400.161129    -2.1981    -0.1493
  4329.3  1400.185543    -1.1516    -0.1522
  4324.0  1400.209957    -0.7181    -0.1550
  4318.7  1400.234372    -1.1537    -0.1579
  4313.4  1400.258786     0.7328    -0.1608
  4308.1  1400.283200     4.8444    -0.1637
  4302.8  1400.307614     3.4839    -0.1666
  4297.5  1400.332028    -0.0132    -0.1695
  4292.2  1400.356442    -1.3950    -0.1725
  4286.9  1400.380856    -1.8173    -0.1754
  4281.6  1400.405270    -0.1689    -0.1783
  4276.3  1400.429684     2.1525    -0.1813
  4271.0  1400.454098     3.2722    -0.1842
  4265.7  1400.478512     2.7240    -0.1871
  4260.4  1400.502926     1.1951    -0.1901
  4255.1  1400.527340     2.7262    -0.1930
  4249.8  1400.551754     2.9975    -0.1960
  4244.5  1400.576168     0.3706    -0.1990
  4239.2  1400.600582    -0.1655    -0.2019
  4233.9  1400.624997     0.9007    -0.2049
  4228.6  1400.649411    -0.8407    -0.2079
  4223.3  1400.673825    -3.1965    -0.2109
  4218.0  1400.698239    -2.2193    -0.2138
  4212.7  1400.722653     2.2067    -0.2168
  4207.4  1400.747067     4.9935    -0.2198
  4202.1  1400.771481     2.1912    -0.2228
  4196.8  1400.795895    -2.7714    -0.2258
  4191.5  1400.820309    -3.2207    -0.2288
  4186.2  1400.844723    -0.6247    -0.2318
  4180.9  1400.869137    -0.1959    -0.2348
  4175.6  1400.893551     0.0531    -0.2379
  4170.3  1400.917965     2.1170    -0.2409
  4165.0  1400.942379     0.6620    -0.2439
  4159.7  1400.966793    -2.5861    -0.2469
  4154.4  1400.991207    -3.4702    -0.2499
  4149.1  1401.015622    -1.9087    -0.2530
  4143.8  1401.040036    -0.4110    -0.2560
  4138.6  1401.064450    -0.2084    -0.2590
  4133.3  1401.088864     0.5303    -0.2621
  4128.0  1401.113278     1.7905    -0.2651
  4122.7  1401.137692     0.5908    -0.2681
  4117.4  1401.162106    -0.9930    -0.2712
  4112.1  1401.186520    -0.1113    -0.2742
  4106.8  1401.210934     1.2052    -0.2772
  4101.5  1401.235348     0.4509    -0.2803
  4096.2  1401.259762     1.1107    -0.2833
  4090.9  1401.284176     2.1283    -0.2864
  4085.6  1401.308590     1.4726    -0.2894
  4080.3  1401.333004    -0.9921    -0.2925
  4075.0  1401.357418    -2.2976    -0.2955
  4069.7  1401.381832    -2.0964    -0.2986
  4064.4  1401.406247     2.1782    -0.3016
  4059.1  1401.430661     5.2352    -0.3046
  4053.8  1401.455075     0.8180    -0.3077
  4048.5  1401.479489    -1.9845    -0.3107
  4043.3  1401.503903     0.4871    -0.3138
  4038.0  1401.528317     1.2867    -0.3168
  4032.7  1401.552731     1.7459    -0.3199
  4027.4  1401.577145     2.8385    -0.3229
  4022.1  1401.601559     2.1173    -0.3260
  4016.8  1401.625973    -1.7150    -0.3290
  4011.5  1401.650387    -4.1815    -0.3321
  4006.2  1401.674801    -3.9932    -0.3351
  4000.9  1401.699215    -1.5879    -0.3381
  3995.6  1401.723629     1.6163    -0.3412
  3990.3  1401.748043     2.2267    -0.3442
  3985.0  1401.772457     1.6407    -0.3472
  3979.8  1401.796872     2.2868    -0.3503
  3974.5  1401.821286     2.5670    -0.3533
  3969.2  1401.845700     1.3920    -0.3563
  3963.9  1401.870114    -0.7713    -0.3594
  3958.6  1401.894528    -0.4003    -0.3624
  3953.3  1401.918942     0.8042    -0.3654
  3948.0  1401.943356     0.4499    -0.3684
  3942.7  1401.967770     0.0402    -0.3714
  3937.4  1401.992184    -1.4475    -0.3745
  3932.1  1402.016598    -4.2828    -0.3775
  3926.9  1402.041012    -3.2096    -0.3805
  3921.6  1402.065426    -1.6857    -0.3835
  3916.3  1402.089840     1.0251    -0.3865
  3911.0  1402.114254     2.9124    -0.3895
  3905.7  1402.138668     0.2368    -0.3924
  3900.4  1402.163082    -1.2579    -0.3954
  3895.1  1402.187497    -0.4354    -0.3984
  3889.8  1402.211911    -0.1774    -0.4014
  3884.6  1402.236325    -1.1086    -0.4044
  3879.3  1402.260739    -1.8763    -0.4073
  3874.0  1402.285153    -0.3607    -0.4103
  3868.7  1402.309567     1.9721    -0.4133
  3863.4  1402.333981     1.4013    -0.4162
  3858.1  1402.358395    -1.4376    -0.4192
  3852.8  1402.382809    -2.3609    -0.4221
  3847.5  1402.407223    -3.3235    -0.4250
  3842.3  1402.431637    -4.9359    -0.4280
  3837.0  1402.456051    -4.6311    -0.4309
  3831.7  1402.480465    -2.1346    -0.4338
  3826.4  1402.504879    -2.5992    -0.4367
  3821.1  1402.529293    -3.1358    -0.4396
  3815.8  1402.553707    -2.0328    -0.4425
  3810.5  1402.578122    -1.8104    -0.4454
  3805.3  1402.602536    -2.4005    -0.4483
  3800.0  1402.626950    -3.4977    -0.4512
  3794.7  1402.651364    -1.5665    -0.4540
  3789.4  1402.675778     1.1915    -0.4569
  3784.1  1402.700192     0.2690    -0.4597
  3778.8  1402.724606     0.2930    -0.4626
  3773.6  1402.749020     2.6472    -0.4654
  3768.3  1402.773434     5.7120    -0.4683
  3763.0  1402.797848     5.4594    -0.4711
  3757.7  1402.822262     2.5852    -0.4739
  3752.4  1402.846676     1.8688    -0.4767
  3747.1  1402.871090     2.3187    -0.4795
  3741.9  1402.895504     2.2122    -0.4823
  3736.6  1402.919918     3.9144    -0.4850
  3731.3  1402.944332     4.4187    -0.4878
  3726.0  1402.968747     3.7739    -0.4906
  3720.7  1402.993161     1.5324    -0.4933
  3715.5  1403.017575    -1.1874    -0.4960
  3710.2  1403.041989     2.1054    -0.4988
  3704.9  1403.066403     6.7378    -0.5015
  3699.6  1403.090817     2.6440    -0.5042
  3694.3  1403.115231    -0.6607    -0.5069
  3689.0  1403.139645     2.7753    -0.5096
  3683.8  1403.164059     3.0169    -0.5122
  3678.5  1403.188473    -1.0283    -0.5149
  3673.2  1403.212887    -1.9856    -0.5176
  3667.9  1403.237301    -2.1783    -0.5202
  3662.6  1403.261715    -2.0997    -0.5228
  3657.4  1403.286129    -2.1763    -0.5254
  3652.1  1403.310543    -2.4622    -0.5280
  3646.8  1403.334957    -2.0486    -0.5306
  3641.5  1403.359372    -0.4452    -0.5332
  3636.3  1403.383786     0.2959    -0.5358
  3631.0  1403.408200    -0.1033    -0.5383
  3625.7  1403.432614     0.6654    -0.5409
  3620.4  1403.457028     1.0887    -0.5434
  3615.1  1403.481442    -0.7548    -0.5459
  3609.9  1403.505856    -1.3382    -0.5484
  3604.6  1403.530270    -0.7500    -0.5509
  3599.3  1403.554684    -0.8210    -0.5534
  3594.0  1403.579098    -0.2397    -0.5558
  3588.8  1403.603512     2.0171    -0.5583
  3583.5  1403.627926     1.7393    -0.5607
  3578.2  1403.652340     1.0276    -0.5631
  3572.9  1403.676754     0.3835    -0.5655
  3567.6  1403.701168     0.3532    -0.5679
  3562.4  1403.725582     1.3448    -0.5703
  3557.1  1403.749997     1.0518    -0.5726
  3551.8  1403.774411    -0.5005    -0.5749
  3546.5  1403.798825    -2.5273    -0.5773
  3541.3  1403.823239    -3.9486    -0.5796
  3536.0  1403.847653    -0.9370    -0.5819
  3530.7  1403.872067    -0.5493    -0.5841
  3525.4  1403.896481    -2.7551    -0.5864
  3520.2  1403.920895    -3.8034    -0.5886
  3514.9  1403.945309    -3.5440    -0.5909
  3509.6  1403.969723    -0.9700    -0.5931
  3504.3  1403.994137     1.7796    -0.5952
  3499.1  1404.018551    -0.2650    -0.5974
  3493.8  1404.042965    -2.3569    -0.5996
  3488.5  1404.067379    -2.2910    -0.6017
  3483.3  1404.091793    -1.6985    -0.6038
  3478.0  1404.116207    -2.7653    -0.6059
  3472.7  1404.140622    -2.9322    -0.6080
  3467.4  1404.165036    -2.2614    -0.6100
  3462.2  1404.189450    -1.1200    -0.6121
  3456.9  1404.213864     1.6086    -0.6141
  3451.6  1404.238278     1.7163    -0.6161
  3446.3  1404.262692     2.0971    -0.6181
  3441.1  1404.287106     3.8055    -0.6200
  3435.8  1404.311520     2.6075    -0.6220
  3430.5  1404.335934     2.4494    -0.6239
  3425.3  1404.360348     4.1732    -0.6258
  3420.0  1404.384762     7.0656    -0.6277
  3414.7  1404.409176     8.7761    -0.6295
  3409.4  1404.433590     9.9527    -0.6314
  3404.2  1404.458004     9.9626    -0.6332
  3398.9  1404.482418     9.9128    -0.6350
  3393.6  1404.506832    11.1628    -0.6368
  3388.4  1404.531247     8.3080    -0.6385
  3383.1  1404.555661     4.4486    -0.6402
  3377.8  1404.580075     6.4330    -0.6419
  3372.6  1404.604489     9.9588    -0.6436
  3367.3  1404.628903    13.5522    -0.6453
  3362.0  1404.653317     8.6776    -0.6469
  3356.7  1404.677731     5.5228    -0.6485
  3351.5  1404.702145     6.8372    -0.6501
  3346.2  1404.726559     6.3951    -0.6517
  3340.9  1404.750973     5.9354    -0.6532
  3335.7  1404.775387     8.0400    -0.6547
  3330.4  1404.799801     7.4095    -0.6562
  3325.1  1404.824215     5.3063    -0.6577
  3319.9  1404.848629     6.9717    -0.6591
  3314.6  1404.873043    12.6056    -0.6606
  3309.3  1404.897457    15.6491    -0.6620
  3304.1  1404.921872    12.9401    -0.6633
  3298.8  1404.946286    10.7435    -0.6647
  3293.5  1404.970700    10.7194    -0.6660
  3288.3  1404.995114     8.0909    -0.6673
  3283.0  1405.019528     7.7314    -0.6685
  3277.7  1405.043942     9.4189    -0.6698
  3272.5  1405.068356    11.6994    -0.6710
  3267.2  1405.092770    11.4671    -0.6722
  3261.9  1405.117184    11.5735    -0.6733
  3256.7  1405.141598    11.4114    -0.6744
  3251.4  1405.166012    10.1259    -0.6755
  3246.1  1405.190426     9.1248    -0.6766
  3240.9  1405.214840     6.8510    -0.6777
  3235.6  1405.239254     5.1859    -0.6787
  3230.3  1405.263668     5.6009    -0.6797
  3225.1  1405.288082     2.5250    -0.6806
  3219.8  1405.312497    -0.1514    -0.6815
  3214.6  1405.336911     0.3490    -0.6824
  3209.3  1405.361325     1.9491    -0.6833
  3204.0  1405.385739     1.3977    -0.6842
  3198.8  1405.410153    -0.4499    -0.6850
  3193.5  1405.434567    -0.0634    -0.6857
  3188.2  1405.458981     0.9044    -0.6865
  3183.0  1405.483395     0.4676    -0.6872
  3177.7  1405.507809     0.0250    -0.6879
  3172.4  1405.532223     0.7981    -0.6886
  3167.2  1405.556637     1.1439    -0.6892
  3161.9  1405.581051    -1.9316    -0.6898
  3156.7  1405.605465    -2.9314    -0.6903
  3151.4  1405.629879     0.1598    -0.6909
  3146.1  1405.654293     2.5510    -0.6913
  3140.9  1405.678707     0.5866    -0.6918
  3135.6  1405.703122    -0.5714    -0.6922
  3130.4  1405.727536     0.9487    -0.6926
  3125.1  1405.751950     3.0151    -0.6930
  3119.8  1405.776364     1.8961    -0.6933
  3114.6  1405.800778    -0.7570    -0.6936
  3109.3  1405.825192    -0.2750    -0.6939
  3104.0  1405.849606     3.0637    -0.6941
  3098.8  1405.874020     3.4023    -0.6943
  3093.5  1405.898434     3.1907    -0.6945
  3088.3  1405.922848     2.4388    -0.6946
  3083.0  1405.947262    -1.6312    -0.6947
  3077.8  1405.971676    -3.8572    -0.6947
  3072.5  1405.996090    -0.9658    -0.6947
  3067.2  1406.020504    -0.3160    -0.6947
  3062.0  1406.044918    -1.2003    -0.6946
  3056.7  1406.069332    -0.4429    -0.6945
  3051.5  1406.093747    -0.5580    -0.6944
  3046.2  1406.118161    -0.4171    -0.6942
  3040.9  1406.142575     1.0114    -0.6940
  3035.7  1406.166989    -0.1830    -0.6938
  3030.4  1406.191403    -0.9317    -0.6935
  3025.2  1406.215817    -0.4739    -0.6932
  3019.9  1406.240231    -0.7410    -0.6928
  3014.7  1406.264645    -1.2610    -0.6924
  3009.4  1406.289059     0.7241    -0.6920
  3004.1  1406.313473     2.1143    -0.6915
  2998.9  1406.337887     1.4554    -0.6910
  2993.6  1406.362301    -0.6383    -0.6905
  2988.4  1406.386715    -3.2391    -0.6899
  2983.1  1406.411129    -6.2073    -0.6892
  2977.9  1406.435543    -5.2312    -0.6885
  2972.6  1406.459957    -1.0773    -0.6878
  2967.3  1406.484372     1.7838    -0.6871
  2962.1  1406.508786     0.6000    -0.6863
  2956.8  1406.533200     0.4246    -0.6854
  2951.6  1406.557614     2.1521    -0.6845
  2946.3  1406.582028     2.4145    -0.6836
  2941.1  1406.606442     1.6656    -0.6827
  2935.8  1406.630856    -0.0627    -0.6816
  2930.6  1406.655270    -2.1370    -0.6806
  2925.3  1406.679684    -1.7715    -0.6795
  2920.1  1406.704098     0.0374    -0.6784
  2914.8  1406.728512     2.0546    -0.6772
  2909.5  1406.752926     0.7409    -0.6759
  2904.3  1406.777340    -2.6112    -0.6747
  2899.0  1406.801754    -3.0963    -0.6734
  2893.8  1406.826168    -1.8356    -0.6720
  2888.5  1406.850582    -0.7796    -0.6706
  2883.3  1406.874997     1.3447    -0.6691
  2878.0  1406.899411     1.7531    -0.6676
  2872.8  1406.923825     0.6893    -0.6661
  2867.5  1406.948239    -0.0491    -0.6645
  2862.3  1406.972653     1.1812    -0.6629
  2857.0  1406.997067     1.4561    -0.6612
  2851.8  1407.021481     0.5661    -0.6595
  2846.5  1407.045895    -0.3709    -0.6577
  2841.3  1407.070309    -1.9171    -0.6559
  2836.0  1407.094723    -2.9797    -0.6540
  2830.8  1407.119137    -2.8252    -0.6521
  2825.5  1407.143551    -3.3157    -0.6501
  2820.3  1407.167965    -4.3076    -0.6481
  2815.0  1407.192379    -4.3983    -0.6460
  2809.8  1407.216793    -2.1555    -0.6439
  2804.5  1407.241207     0.3874    -0.6418
  2799.3  1407.265622     1.6989    -0.6395
  2794.0  1407.290036     0.9774    -0.6373
  2788.8  1407.314450    -0.9045    -0.6350
  2783.5  1407.338864    -1.6831    -0.6326
  2778.3  1407.363278     0.7140    -0.6302
  2773.0  1407.387692     2.8614    -0.6277
  2767.8  1407.412106     4.6015    -0.6252
  2762.5  1407.436520     2.5344    -0.6226
  2757.3  1407.460934    -1.3162    -0.6200
  2752.0  1407.485348     0.5406    -0.6173
  2746.8  1407.509762     2.9539    -0.6146
  2741.5  1407.534176     2.3215    -0.6118
  2736.3  1407.558590     3.8154    -0.6090
  2731.0  1407.583004     3.2398    -0.6061
  2725.8  1407.607418     0.1858    -0.6032
  2720.5  1407.631832     0.4214    -0.6002
  2715.3  1407.656247     1.7725    -0.5971
  2710.1  1407.680661    -1.9798    -0.5940
  2704.8  1407.705075    -6.8907    -0.5909
  2699.6  1407.729489    -5.7059    -0.5877
  2694.3  1407.753903    -1.5085    -0.5844
  2689.1  1407.778317     2.3531    -0.5811
  2683.8  1407.802731     2.5312    -0.5777
  2678.6  1407.827145    -1.0975    -0.5743
  2673.3  1407.851559    -0.1868    -0.5708
  2668.1  1407.875973     2.9909    -0.5672
  2662.8  1407.900387     3.0966    -0.5636
  2657.6  1407.924801     1.2089    -0.5600
  2652.4  1407.949215     1.4460    -0.5562
  2647.1  1407.973629     3.3477    -0.5525
  2641.9  1407.998043     2.7908    -0.5486
  2636.6  1408.022457    -1.1652    -0.5447
  2631.4  1408.046872    -2.6926    -0.5408
  2626.1  1408.071286    -3.2445    -0.5367
  2620.9  1408.095700    -5.5931    -0.5327
  2615.6  1408.120114    -4.3776    -0.5285
  2610.4  1408.144528     0.8081    -0.5243
  2605.2  1408.168942     2.9101    -0.5201
  2599.9  1408.193356     0.7429    -0.5158
  2594.7  1408.217770    -1.7997    -0.5114
  2589.4  1408.242184    -1.1875    -0.5069
  2584.2  1408.266598     1.4410    -0.5024
  2578.9  1408.291012     2.5455    -0.4979
  2573.7  1408.315426     0.9478    -0.4933
  2568.5  1408.339840    -0.5318    -0.4886
  2563.2  1408.364254    -1.4948    -0.4838
  2558.0  1408.388668     0.4378    -0.4790
  2552.7  1408.413082     2.1376    -0.4741
  2547.5  1408.437497     2.2738    -0.4692
  2542.3  1408.461911     1.8380    -0.4642
  2537.0  1408.486325     2.1136    -0.4591
  2531.8  1408.510739     2.2121    -0.4540
  2526.5  1408.535153     2.1110    -0.4488
  2521.3  1408.559567     1.0272    -0.4435
  2516.1  1408.583981     0.9093    -0.4382
  2510.8  1408.608395     0.3513    -0.4328
  2505.6  1408.632809    -3.1538    -0.4273
  2500.3  1408.657223    -3.1158    -0.4218
