#Arecibo Legacy Fast ALFA Survey
#http://egg.astro.cornell.edu/alfalfa/
#ASCII Table format
# 
#Telescope:      Arecibo Radio Telescope
#Instrument:     Arecibo Radio Telescope
#Beam size:      3.5x3.8 [arcminutes]
#Object:         AGC 245913
#RA:             218.44031  (J2000) decimal degrees
#DEC:            26.818210  (J2000) decimal degrees
#Rest Frequency: 1.4204058e+09 [Hz]
#Bandwidth:      24.975586 [MHz]
#Channels:       1024
#Other name:     
#Detection Code:    1
#Data archive at http://arecibo.tc.cornell.edu/hiarchive/alfalfa/
#File generated by G. Hallenbeck  Thu Jul  8 16:05:24 2010
#This spectrum has been baseline subtracted.
#Table FORMAT:  (f8.1,1x,f12.6,1x,f10.4,1x,f10.4)
# 
#Column descriptions:
# 1. Heliocentric velocity [km/s]
# 2. Radio frequency [MHz]
# 3. Flux Density [mJy]
# 4. Subtracted polynomial baseline fit
# 
####################################################################
# 
 12827.3  1362.124020    -5.4301     1.6673
 12821.7  1362.148434    -3.5610     1.5765
 12816.1  1362.172848    -2.7722     1.4895
 12810.5  1362.197262    -4.5718     1.4062
 12804.9  1362.221676    -2.7192     1.3266
 12799.3  1362.246090     1.7861     1.2506
 12793.7  1362.270504     2.2270     1.1779
 12788.1  1362.294918     1.0989     1.1086
 12782.5  1362.319332    -1.9886     1.0425
 12776.9  1362.343747    -4.3792     0.9795
 12771.3  1362.368161     0.9980     0.9195
 12765.7  1362.392575     5.2387     0.8625
 12760.1  1362.416989     2.5532     0.8083
 12754.5  1362.441403     0.8025     0.7568
 12748.9  1362.465817    -1.3278     0.7080
 12743.3  1362.490231    -2.6897     0.6618
 12737.7  1362.514645     0.0441     0.6180
 12732.1  1362.539059     3.3600     0.5766
 12726.5  1362.563473     3.3661     0.5375
 12720.9  1362.587887     0.1810     0.5006
 12715.3  1362.612301    -3.8014     0.4659
 12709.7  1362.636715    -4.6407     0.4333
 12704.1  1362.661129    -2.0872     0.4027
 12698.5  1362.685543     0.8916     0.3740
 12692.9  1362.709957     4.5421     0.3471
 12687.3  1362.734372     4.6813     0.3220
 12681.7  1362.758786     1.7664     0.2986
 12676.1  1362.783200     1.7340     0.2769
 12670.5  1362.807614     2.0920     0.2568
 12664.9  1362.832028     0.3904     0.2382
 12659.3  1362.856442    -0.3971     0.2210
 12653.7  1362.880856    -2.0022     0.2052
 12648.1  1362.905270    -6.3426     0.1908
 12642.5  1362.929684    -6.0479     0.1776
 12636.9  1362.954098    -1.0454     0.1657
 12631.3  1362.978512     1.5759     0.1549
 12625.8  1363.002926     1.2777     0.1452
 12620.2  1363.027340     0.6836     0.1366
 12614.6  1363.051754     1.1471     0.1290
 12609.0  1363.076168     0.8396     0.1224
 12603.4  1363.100582    -0.2777     0.1167
 12597.8  1363.124997    -1.3812     0.1118
 12592.2  1363.149411    -1.7728     0.1078
 12586.6  1363.173825    -0.4342     0.1045
 12581.0  1363.198239     0.1831     0.1020
 12575.4  1363.222653     0.2498     0.1001
 12569.8  1363.247067     0.5238     0.0989
 12564.2  1363.271481     0.5997     0.0983
 12558.6  1363.295895     0.1685     0.0983
 12553.0  1363.320309    -0.1998     0.0988
 12547.4  1363.344723    -0.7130     0.0999
 12541.8  1363.369137    -0.3846     0.1013
 12536.2  1363.393551     0.0068     0.1032
 12530.6  1363.417965    -1.7113     0.1055
 12525.1  1363.442379    -1.3600     0.1082
 12519.5  1363.466793     0.2666     0.1112
 12513.9  1363.491207    -0.5226     0.1145
 12508.3  1363.515622    -2.0363     0.1181
 12502.7  1363.540036    -2.8600     0.1219
 12497.1  1363.564450    -3.4636     0.1259
 12491.5  1363.588864    -4.9269     0.1301
 12485.9  1363.613278    -6.9189     0.1345
 12480.3  1363.637692    -5.0164     0.1390
 12474.7  1363.662106    -1.4261     0.1437
 12469.1  1363.686520    -2.9987     0.1484
 12463.6  1363.710934    -4.2967     0.1532
 12458.0  1363.735348    -0.0833     0.1581
 12452.4  1363.759762     4.9488     0.1630
 12446.8  1363.784176     3.5006     0.1679
 12441.2  1363.808590    -1.1088     0.1728
 12435.6  1363.833004    -1.1869     0.1776
 12430.0  1363.857418     1.7650     0.1824
 12424.4  1363.881832     2.0253     0.1872
 12418.8  1363.906247     1.5181     0.1918
 12413.2  1363.930661     4.6531     0.1964
 12407.7  1363.955075     4.3111     0.2009
 12402.1  1363.979489     0.6693     0.2052
 12396.5  1364.003903     0.7960     0.2095
 12390.9  1364.028317     2.1803     0.2135
 12385.3  1364.052731     2.1388     0.2174
 12379.7  1364.077145     1.6619     0.2212
 12374.1  1364.101559     0.8778     0.2247
 12368.5  1364.125973    -0.4824     0.2281
 12363.0  1364.150387     0.0680     0.2312
 12357.4  1364.174801    -0.3152     0.2341
 12351.8  1364.199215    -1.7052     0.2369
 12346.2  1364.223629    -0.6261     0.2393
 12340.6  1364.248043     0.7962     0.2416
 12335.0  1364.272457     1.0784     0.2436
 12329.4  1364.296872     0.9836     0.2453
 12323.9  1364.321286     0.7819     0.2468
 12318.3  1364.345700     2.8023     0.2480
 12312.7  1364.370114     2.6982     0.2490
 12307.1  1364.394528     1.1849     0.2497
 12301.5  1364.418942     1.2920     0.2501
 12295.9  1364.443356     0.2192     0.2502
 12290.4  1364.467770     0.0646     0.2500
 12284.8  1364.492184     0.6821     0.2495
 12279.2  1364.516598     1.1443     0.2488
 12273.6  1364.541012     2.0552     0.2477
 12268.0  1364.565426     1.3532     0.2464
 12262.4  1364.589840    -0.3964     0.2447
 12256.9  1364.614254    -2.0030     0.2428
 12251.3  1364.638668    -1.3171     0.2405
 12245.7  1364.663082     0.2221     0.2379
 12240.1  1364.687497     0.9811     0.2351
 12234.5  1364.711911     0.2958     0.2319
 12228.9  1364.736325    -1.6348     0.2284
 12223.4  1364.760739    -1.1707     0.2246
 12217.8  1364.785153    -0.0303     0.2205
 12212.2  1364.809567     0.5987     0.2162
 12206.6  1364.833981     2.5076     0.2115
 12201.0  1364.858395     2.8150     0.2065
 12195.5  1364.882809     1.5434     0.2012
 12189.9  1364.907223     1.6694     0.1956
 12184.3  1364.931637     1.0291     0.1897
 12178.7  1364.956051    -2.1880     0.1835
 12173.1  1364.980465    -2.9475     0.1771
 12167.6  1365.004879    -1.4264     0.1703
 12162.0  1365.029293    -0.1463     0.1633
 12156.4  1365.053707    -0.1213     0.1560
 12150.8  1365.078122    -1.6617     0.1484
 12145.2  1365.102536    -2.1800     0.1405
 12139.7  1365.126950    -0.1109     0.1324
 12134.1  1365.151364     2.2628     0.1240
 12128.5  1365.175778     3.0714     0.1153
 12122.9  1365.200192     0.7873     0.1064
 12117.3  1365.224606    -0.8028     0.0972
 12111.8  1365.249020     0.3453     0.0878
 12106.2  1365.273434     1.8253     0.0781
 12100.6  1365.297848     1.6864     0.0682
 12095.0  1365.322262     1.3099     0.0580
 12089.5  1365.346676     1.7718     0.0477
 12083.9  1365.371090     2.1102     0.0371
 12078.3  1365.395504     1.2324     0.0262
 12072.7  1365.419918    -0.2871     0.0152
 12067.2  1365.444332    -1.2291     0.0040
 12061.6  1365.468747    -0.6812    -0.0075
 12056.0  1365.493161    -0.1095    -0.0191
 12050.4  1365.517575    -4.3924    -0.0310
 12044.8  1365.541989    -6.6975    -0.0430
 12039.3  1365.566403    -2.3816    -0.0552
 12033.7  1365.590817     0.6656    -0.0676
 12028.1  1365.615231     2.7228    -0.0801
 12022.5  1365.639645     2.2458    -0.0928
 12017.0  1365.664059     0.1012    -0.1057
 12011.4  1365.688473     0.4967    -0.1187
 12005.8  1365.712887     1.7674    -0.1318
 12000.3  1365.737301    -1.3925    -0.1451
 11994.7  1365.761715    -6.7896    -0.1585
 11989.1  1365.786129    -5.8122    -0.1721
 11983.5  1365.810543    -0.6753    -0.1858
 11978.0  1365.834957     1.2391    -0.1995
 11972.4  1365.859372     0.9915    -0.2134
 11966.8  1365.883786     2.7099    -0.2274
 11961.2  1365.908200     4.6849    -0.2415
 11955.7  1365.932614     3.2798    -0.2556
 11950.1  1365.957028     2.9311    -0.2699
 11944.5  1365.981442     4.4114    -0.2842
 11939.0  1366.005856     3.4386    -0.2986
 11933.4  1366.030270     3.1334    -0.3130
 11927.8  1366.054684     3.9168    -0.3275
 11922.2  1366.079098     1.2228    -0.3421
 11916.7  1366.103512    -1.4923    -0.3567
 11911.1  1366.127926    -1.1584    -0.3713
 11905.5  1366.152340    -1.8078    -0.3859
 11900.0  1366.176754    -0.8857    -0.4006
 11894.4  1366.201168    -0.3997    -0.4153
 11888.8  1366.225582    -3.4698    -0.4300
 11883.3  1366.249997    -3.9973    -0.4447
 11877.7  1366.274411    -1.2542    -0.4594
 11872.1  1366.298825     0.8795    -0.4741
 11866.5  1366.323239     2.8177    -0.4887
 11861.0  1366.347653     5.1391    -0.5034
 11855.4  1366.372067     4.4290    -0.5180
 11849.8  1366.396481     1.8104    -0.5326
 11844.3  1366.420895     0.5716    -0.5471
 11838.7  1366.445309    -0.1329    -0.5616
 11833.1  1366.469723    -2.2327    -0.5760
 11827.6  1366.494137    -3.3492    -0.5904
 11822.0  1366.518551    -3.2760    -0.6047
 11816.4  1366.542965    -3.3517    -0.6189
 11810.9  1366.567379    -2.8686    -0.6331
 11805.3  1366.591793    -2.0027    -0.6472
 11799.7  1366.616207     0.6537    -0.6612
 11794.2  1366.640622     1.1825    -0.6750
 11788.6  1366.665036     1.1279    -0.6888
 11783.0  1366.689450     4.5388    -0.7025
 11777.5  1366.713864     4.0454    -0.7160
 11771.9  1366.738278     0.9329    -0.7295
 11766.3  1366.762692     0.4000    -0.7428
 11760.8  1366.787106    -1.4053    -0.7560
 11755.2  1366.811520    -3.2110    -0.7690
 11749.6  1366.835934    -1.6203    -0.7819
 11744.1  1366.860348     0.0663    -0.7947
 11738.5  1366.884762    -0.2349    -0.8073
 11732.9  1366.909176    -1.0469    -0.8197
 11727.4  1366.933590    -1.8576    -0.8320
 11721.8  1366.958004    -3.9321    -0.8441
 11716.3  1366.982418    -4.4212    -0.8560
 11710.7  1367.006832    -3.8494    -0.8677
 11705.1  1367.031247    -1.9621    -0.8793
 11699.6  1367.055661     1.5212    -0.8906
 11694.0  1367.080075     0.6689    -0.9018
 11688.4  1367.104489    -3.6079    -0.9127
 11682.9  1367.128903    -4.3910    -0.9235
 11677.3  1367.153317    -2.7511    -0.9340
 11671.8  1367.177731    -0.8307    -0.9443
 11666.2  1367.202145    -0.8642    -0.9544
 11660.6  1367.226559    -1.7793    -0.9643
 11655.1  1367.250973    -0.1182    -0.9739
 11649.5  1367.275387     1.2139    -0.9833
 11643.9  1367.299801     2.1219    -0.9924
 11638.4  1367.324215     3.6700    -1.0013
 11632.8  1367.348629     3.2231    -1.0099
 11627.3  1367.373043     1.4405    -1.0183
 11621.7  1367.397457     1.6890    -1.0264
 11616.1  1367.421872     5.1213    -1.0342
 11610.6  1367.446286     7.1066    -1.0418
 11605.0  1367.470700     5.9325    -1.0491
 11599.5  1367.495114     4.5574    -1.0561
 11593.9  1367.519528     4.9968    -1.0628
 11588.3  1367.543942     5.6121    -1.0692
 11582.8  1367.568356     3.8887    -1.0753
 11577.2  1367.592770     2.9235    -1.0811
 11571.7  1367.617184     3.9415    -1.0866
 11566.1  1367.641598     4.4584    -1.0918
 11560.6  1367.666012     5.2922    -1.0967
 11555.0  1367.690426     4.6950    -1.1012
 11549.4  1367.714840     1.5656    -1.1054
 11543.9  1367.739254     1.4017    -1.1093
 11538.3  1367.763668     3.9079    -1.1128
 11532.8  1367.788082     5.3162    -1.1160
 11527.2  1367.812497     7.4601    -1.1188
 11521.7  1367.836911     7.9324    -1.1213
 11516.1  1367.861325     7.0701    -1.1234
 11510.5  1367.885739     4.7094    -1.1252
 11505.0  1367.910153     1.2345    -1.1265
 11499.4  1367.934567     1.1669    -1.1276
 11493.9  1367.958981     5.7124    -1.1282
 11488.3  1367.983395     8.4433    -1.1284
 11482.8  1368.007809     6.3143    -1.1283
 11477.2  1368.032223     3.9284    -1.1277
 11471.7  1368.056637     3.6938    -1.1268
 11466.1  1368.081051     5.0445    -1.1254
 11460.5  1368.105465     4.3854    -1.1236
 11455.0  1368.129879     2.0718    -1.1214
 11449.4  1368.154293     3.5309    -1.1188
 11443.9  1368.178707     4.2706    -1.1158
 11438.3  1368.203122     3.1959    -1.1123
 11432.8  1368.227536     3.9129    -1.1083
 11427.2  1368.251950     3.6711    -1.1040
 11421.7  1368.276364     0.7283    -1.0991
 11416.1  1368.300778    -0.7548    -1.0938
 11410.6  1368.325192     2.3953    -1.0881
 11405.0  1368.349606     4.8026    -1.0818
 11399.5  1368.374020     3.9255    -1.0751
 11393.9  1368.398434     5.0791    -1.0679
 11388.4  1368.422848     6.1278    -1.0602
 11382.8  1368.447262     4.5098    -1.0520
 11377.3  1368.471676     2.1439    -1.0433
 11371.7  1368.496090     0.0467    -1.0341
 11366.2  1368.520504     1.2189    -1.0244
 11360.6  1368.544918     3.5277    -1.0141
 11355.0  1368.569332     2.7943    -1.0033
 11349.5  1368.593747     1.1303    -0.9920
 11343.9  1368.618161     2.2015    -0.9801
 11338.4  1368.642575     4.6961    -0.9676
 11332.8  1368.666989     3.1933    -0.9546
 11327.3  1368.691403     0.6084    -0.9410
 11321.7  1368.715817     2.1650    -0.9268
 11316.2  1368.740231     1.8966    -0.9120
 11310.7  1368.764645    -0.4855    -0.8966
 11305.1  1368.789059     0.2110    -0.8806
 11299.6  1368.813473     0.5878    -0.8640
 11294.0  1368.837887     0.9701    -0.8468
 11288.5  1368.862301     0.0947    -0.8289
 11282.9  1368.886715    -2.1475    -0.8104
 11277.4  1368.911129    -2.0793    -0.7912
 11271.8  1368.935543    -2.2284    -0.7714
 11266.3  1368.959957    -4.9148    -0.7508
 11260.7  1368.984372    -5.6948    -0.7296
 11255.2  1369.008786    -3.3534    -0.7077
 11249.6  1369.033200    -0.6627    -0.6851
 11244.1  1369.057614     2.7483    -0.6617
 11238.5  1369.082028     3.8312    -0.6376
 11233.0  1369.106442     1.8165    -0.6128
 11227.4  1369.130856     0.7611    -0.5872
 11221.9  1369.155270    -0.3812    -0.5609
 11216.3  1369.179684    -0.9056    -0.5337
 11210.8  1369.204098     1.0815    -0.5058
 11205.3  1369.228512     1.9253    -0.4770
 11199.7  1369.252926     0.5581    -0.4475
 11194.2  1369.277340     1.7978    -0.4171
 11188.6  1369.301754     3.0838    -0.3858
 11183.1  1369.326168     1.1961    -0.3537
 11177.5  1369.350582    -0.1987    -0.3207
 11172.0  1369.374997    -0.8099    -0.2868
 11166.4  1369.399411    -2.4009    -0.2520
 11160.9  1369.423825    -2.9434    -0.2162
 11155.4  1369.448239    -0.0925    -0.1796
 11149.8  1369.472653     1.2117    -0.1419
 11144.3  1369.497067    -0.2527    -0.1033
 11138.7  1369.521481     1.1536    -0.0637
 11133.2  1369.545895     2.2524    -0.0231
 11127.6  1369.570309     2.3977     0.0186
 11122.1  1369.594723     2.5156     0.0613
 11116.6  1369.619137     0.5227     0.1050
 11111.0  1369.643551     0.0905     0.1499
 11105.5  1369.667965     2.0316     0.1958
 11099.9  1369.692379     3.7526     0.2429
 11094.4  1369.716793     0.3729     0.2911
 11088.8  1369.741207    -2.4354     0.3405
 11083.3  1369.765622     0.3934     0.3911
 11077.8  1369.790036     4.1729     0.4429
 11072.2  1369.814450     5.2966     0.4959
 11066.7  1369.838864     3.0216     0.5502
 11061.1  1369.863278     2.4696     0.6058
 11055.6  1369.887692     3.9950     0.6627
 11050.1  1369.912106     2.8150     0.7209
 11044.5  1369.936520    -0.0339     0.7804
 11039.0  1369.960934    -1.8033     0.8414
 11033.4  1369.985348    -0.9188     0.9037
 11027.9  1370.009762     0.5536     0.9675
 11022.4  1370.034176    -0.8676     1.0327
 11016.8  1370.058590    -2.1363     1.0994
 11011.3  1370.083004     1.4124     1.1677
 11005.8  1370.107418     4.7849     1.2374
 11000.2  1370.131832     4.2533     1.3088
 10994.7  1370.156247     4.9127     1.3817
 10989.1  1370.180661     3.1099     1.4563
 10983.6  1370.205075     0.3855     1.5326
 10978.1  1370.229489    -0.4762     1.6105
 10972.5  1370.253903    -1.8021     1.6902
 10967.0  1370.278317    -2.4795     1.7717
 10961.5  1370.302731    -2.2774     1.8549
 10955.9  1370.327145    -1.4777     1.9400
 10950.4  1370.351559     0.6790     2.0270
 10944.8  1370.375973     2.8413     2.1158
 10939.3  1370.400387    -0.7220     2.2066
 10933.8  1370.424801    -4.1840     2.2994
 10928.2  1370.449215    -1.2733     2.3942
 10922.7  1370.473629    -0.6447     2.4910
 10917.2  1370.498043    -2.7733     2.5900
 10911.6  1370.522457    -0.5462     2.6910
 10906.1  1370.546872     0.9550     2.7943
 10900.6  1370.571286    -1.3626     2.8998
 10895.0  1370.595700    -1.7006     3.0075
 10889.5  1370.620114     0.1694     3.1176
 10884.0  1370.644528     2.8109     3.2300
 10878.4  1370.668942     4.0651     3.3447
 10872.9  1370.693356    -0.4155     3.4620
 10867.4  1370.717770    -4.1935     3.5817
 10861.8  1370.742184    -1.7913     3.7040
 10856.3  1370.766598    -0.3632     3.8288
 10850.8  1370.791012    -1.7616     3.9563
 10845.2  1370.815426    -2.3150     4.0865
 10839.7  1370.839840    -0.6548     4.2194
 10834.2  1370.864254     2.4320     4.3551
 10828.6  1370.888668     4.4470     4.4937
 10823.1  1370.913082     3.1340     4.6351
 10817.6  1370.937497    -0.5475     4.7795
 10812.0  1370.961911    -1.5150     4.9270
 10806.5  1370.986325     1.7311     5.0774
 10801.0  1371.010739     3.5389     5.2311
 10795.4  1371.035153     1.7025     5.3879
 10789.9  1371.059567    -1.5202     5.5479
 10784.4  1371.083981    -1.7049     5.7113
 10778.9  1371.108395     0.6580     5.8780
 10773.3  1371.132809     0.7324     6.0482
 10767.8  1371.157223    -1.1924     6.2219
 10762.3  1371.181637    -1.3274     6.3992
 10756.7  1371.206051     0.9213     6.5801
 10751.2  1371.230465     0.6938     6.7646
 10745.7  1371.254879    -3.1709     6.9530
 10740.1  1371.279293    -3.9949     7.1452
 10734.6  1371.303707    -0.0909     7.3414
 10729.1  1371.328122     2.1592     7.5415
 10723.6  1371.352536     1.1984     7.7457
 10718.0  1371.376950     1.4950     7.9540
 10712.5  1371.401364     3.1098     8.1666
 10707.0  1371.425778     1.1264     8.3834
 10701.5  1371.450192    -1.4603     8.6046
 10695.9  1371.474606     0.1595     8.8303
 10690.4  1371.499020     0.5016     9.0606
 10684.9  1371.523434    -0.3549     9.2954
 10679.3  1371.547848     1.5300     9.5350
 10673.8  1371.572262     1.8793     9.7793
 10668.3  1371.596676     1.5137    10.0286
 10662.8  1371.621090     3.5288    10.2828
 10657.2  1371.645504     2.4957    10.5421
 10651.7  1371.669918    -1.4882    10.8065
 10646.2  1371.694332    -2.9703    11.0762
 10640.7  1371.718747    -3.4815    11.3513
 10635.1  1371.743161    -1.6077    11.6318
 10629.6  1371.767575     0.1258    11.9178
 10624.1  1371.791989    -2.2496    12.2095
 10618.6  1371.816403    -5.2812    12.5069
 10613.0  1371.840817    -5.6040    12.8102
 10607.5  1371.865231    -3.2148    13.1194
 10602.0  1371.889645    -0.8283    13.4347
 10596.5  1371.914059    -0.1126    13.7561
 10590.9  1371.938473    -2.3951    14.0838
 10585.4  1371.962887    -3.3762    14.4179
 10579.9  1371.987301     0.1522    14.7586
 10574.4  1372.011715     3.2675    15.1058
 10568.9  1372.036129     1.3604    15.4598
 10563.3  1372.060543    -3.8645    15.8206
 10557.8  1372.084957    -3.8995    16.1884
 10552.3  1372.109372     0.4760    16.5633
 10546.8  1372.133786     0.6260    16.9454
 10541.2  1372.158200    -1.3836    17.3348
 10535.7  1372.182614     0.4712    17.7317
 10530.2  1372.207028     1.0712    18.1363
 10524.7  1372.231442    -1.2500    18.5485
 10519.2  1372.255856    -0.8193    18.9687
 10513.6  1372.280270     2.2276    19.3968
 10508.1  1372.304684     3.5119    19.8331
 10502.6  1372.329098     0.1826    20.2777
 10497.1  1372.353512    -3.6273    20.7307
 10491.6  1372.377926    -4.1171    21.1922
 10486.0  1372.402340    -0.1466    21.6625
 10480.5  1372.426754     5.0079    22.1417
 10475.0  1372.451168     3.9535    22.6298
 10469.5  1372.475582    -1.8243    23.1272
 10464.0  1372.499997    -3.8368    23.6338
 10458.4  1372.524411    -2.2443    24.1499
 10452.9  1372.548825    -0.1367    24.6757
 10447.4  1372.573239     0.7621    25.2113
 10441.9  1372.597653     0.0387    25.7568
 10436.4  1372.622067    -2.0635    26.3124
 10430.9  1372.646481    -2.5095    26.8784
 10425.3  1372.670895     0.0722    27.4548
 10419.8  1372.695309     1.5167    28.0419
 10414.3  1372.719723     1.8243    28.6398
 10408.8  1372.744137     1.9153    29.2487
 10403.3  1372.768551     2.3344    29.8687
 10397.7  1372.792965     1.0736    30.5002
 10392.2  1372.817379     0.1839    31.1431
 10386.7  1372.841793     0.1047    31.7979
 10381.2  1372.866207    -0.8288    32.4645
 10375.7  1372.890622     1.6916    33.1433
 10370.2  1372.915036     2.8405    33.8344
 10364.7  1372.939450     1.4794    34.5380
 10359.1  1372.963864     2.9055    35.2543
 10353.6  1372.988278     3.0094    35.9835
 10348.1  1373.012692    -0.6440    36.7259
 10342.6  1373.037106    -2.7581    37.4817
 10337.1  1373.061520    -2.2278    38.2510
 10331.6  1373.085934    -0.7073    39.0340
 10326.1  1373.110348     0.7128    39.8311
 10320.5  1373.134762    -1.7515    40.6424
 10315.0  1373.159176    -4.6308    41.4681
 10309.5  1373.183590    -2.5605    42.3085
 10304.0  1373.208004    -0.1401    43.1637
 10298.5  1373.232418     0.4272    44.0342
 10293.0  1373.256832     1.7402    44.9199
 10287.5  1373.281247    -0.2448    45.8214
 10281.9  1373.305661    -1.9550    46.7386
 10276.4  1373.330075     2.8343    47.6720
 10270.9  1373.354489     5.1752    48.6217
 10265.4  1373.378903     2.8667    49.5880
 10259.9  1373.403317     0.2190    50.5712
 10254.4  1373.427731    -4.3733    51.5716
 10248.9  1373.452145    -5.7920    52.5893
 10243.4  1373.476559    -1.7701    53.6246
 10237.9  1373.500973     0.0035    54.6779
 10232.3  1373.525387     0.7174    55.7494
 10226.8  1373.549801     2.8185    56.8394
 10221.3  1373.574215     3.1590    57.9482
 10215.8  1373.598629     2.2672    59.0759
 10210.3  1373.623043     0.8248    60.2231
 10204.8  1373.647457    -0.6002    61.3898
 10199.3  1373.671872    -0.8092    62.5765
 10193.8  1373.696286     0.1601    63.7834
 10188.3  1373.720700     1.0189    65.0108
 10182.8  1373.745114     1.3331    66.2591
 10177.2  1373.769528     2.2490    67.5285
 10171.7  1373.793942     1.8352    68.8193
 10166.2  1373.818356    -0.0132    70.1320
 10160.7  1373.842770    -0.7209    71.4667
 10155.2  1373.867184    -1.3716    72.8239
 10149.7  1373.891598    -2.1571    74.2039
 10144.2  1373.916012    -3.1138    75.6069
 10138.7  1373.940426    -2.0766    77.0334
 10133.2  1373.964840     0.0901    78.4837
 10127.7  1373.989254    -1.4370    79.9581
 10122.2  1374.013668    -3.1384    81.4570
 10116.7  1374.038082    -0.5127    82.9808
 10111.2  1374.062497     2.2012    84.5297
 10105.7  1374.086911     1.4535    86.1042
 10100.1  1374.111325    -1.3398    87.7047
 10094.6  1374.135739    -3.1192    89.3314
 10089.1  1374.160153    -0.4079    90.9849
 10083.6  1374.184567     2.7391    92.6655
 10078.1  1374.208981     4.0927    94.3735
 10072.6  1374.233395     4.8268    96.1094
 10067.1  1374.257809     1.5259    97.8735
 10061.6  1374.282223    -1.3462    99.6663
 10056.1  1374.306637     0.0431   101.4882
 10050.6  1374.331051     0.9177   103.3396
 10045.1  1374.355465     1.6047   105.2209
 10039.6  1374.379879     1.1341   107.1325
 10034.1  1374.404293    -2.1761   109.0748
 10028.6  1374.428707    -4.0834   111.0484
 10023.1  1374.453122    -1.3011   113.0536
 10017.6  1374.477536     1.7124   115.0908
 10012.1  1374.501950     2.3582   117.1606
 10006.6  1374.526364     0.9510   119.2633
 10001.1  1374.550778    -1.4535   121.3995
  9995.6  1374.575192    -3.1099   123.5696
  9990.1  1374.599606    -3.1409   125.7741
  9984.6  1374.624020    -0.8847   128.0134
  9979.1  1374.648434     1.2255   130.2880
  9973.6  1374.672848     0.2059   132.5985
  9968.1  1374.697262    -1.2592   134.9452
  9962.6  1374.721676    -2.4580   137.3288
  9957.1  1374.746090    -3.7036   139.7497
  9951.6  1374.770504    -3.2461   142.2084
  9946.1  1374.794918    -1.4284   144.7055
  9940.6  1374.819332    -1.4970   147.2414
  9935.1  1374.843747    -2.3395   149.8167
  9929.6  1374.868161    -2.6189   152.4319
  9924.1  1374.892575    -2.5167   155.0876
  9918.6  1374.916989    -0.7768   157.7844
  9913.1  1374.941403     1.2006   160.5226
  9907.6  1374.965817     0.8309   163.3031
  9902.1  1374.990231    -0.7180   166.1262
  9896.6  1375.014645    -0.1656   168.9925
  9891.1  1375.039059     2.4612   171.9028
  9885.6  1375.063473     3.4113   174.8574
  9880.1  1375.087887     4.5191   177.8571
  9874.6  1375.112301     4.8672   180.9024
  9869.1  1375.136715     0.8676   183.9939
  9863.6  1375.161129    -3.8421   187.1323
  9858.1  1375.185543    -2.7439   190.3181
  9852.6  1375.209957     0.1741   193.5520
  9847.1  1375.234372    -0.0461   196.8346
  9841.6  1375.258786    -0.0304   200.1666
  9836.1  1375.283200     0.8500   203.5486
  9830.6  1375.307614     1.3997   206.9813
  9825.1  1375.332028     1.5831   210.4653
  9819.6  1375.356442     2.5629   214.0013
  9814.1  1375.380856     3.4794   217.5899
  9808.6  1375.405270     4.5003   221.2319
  9803.1  1375.429684     4.5048   224.9280
  9797.6  1375.454098     1.9110   228.6788
  9792.1  1375.478512     0.8270   232.4850
  9786.6  1375.502926     1.1529   236.3474
  9781.1  1375.527340    -1.2726   240.2668
  9775.6  1375.551754    -2.4865   244.2437
  9770.1  1375.576168    -0.6332   248.2790
  9764.6  1375.600582    -0.9347   252.3734
  9759.2  1375.624997    -2.3690   256.5277
  9753.7  1375.649411    -1.6469   260.7426
  9748.2  1375.673825    -0.0014   265.0189
  9742.7  1375.698239     2.0235   269.3574
  9737.2  1375.722653     1.4535   273.7588
  9731.7  1375.747067    -0.9817   278.2240
  9726.2  1375.771481     0.5394   282.7538
  9720.7  1375.795895     1.6572   287.3489
  9715.2  1375.820309    -0.8305   292.0103
  9709.7  1375.844723    -3.5252   296.7387
  9704.2  1375.869137    -2.3547   301.5350
  9698.7  1375.893551     0.0954   306.4000
  9693.2  1375.917965     0.3118   311.3346
  9687.8  1375.942379     2.1917   316.3396
  9682.3  1375.966793     4.7493   321.4160
  9676.8  1375.991207     5.1350   326.5645
  9671.3  1376.015622     3.9324   331.7862
  9665.8  1376.040036     0.9767   337.0820
  9660.3  1376.064450    -2.8422   342.4526
  9654.8  1376.088864    -3.7148   347.8991
  9649.3  1376.113278    -2.0212   353.4224
  9643.8  1376.137692    -1.2762   359.0234
  9638.3  1376.162106    -0.2473   364.7031
  9632.8  1376.186520     2.0159   370.4625
  9627.4  1376.210934     2.2175   376.3025
  9621.9  1376.235348     2.0524   382.2240
  9616.4  1376.259762     0.1214   388.2282
  9610.9  1376.284176    -4.5102   394.3160
  9605.4  1376.308590    -3.3098   400.4884
  9599.9  1376.333004     0.7780   406.7465
  9594.4  1376.357418    -0.0881   413.0912
  9588.9  1376.381832    -1.8889   419.5237
  9583.5  1376.406247    -0.3306   426.0449
  9578.0  1376.430661     0.8355   432.6560
  9572.5  1376.455075     0.9862   439.3581
  9567.0  1376.479489     1.3071   446.1521
  9561.5  1376.503903     0.9909   453.0393
  9556.0  1376.528317     0.8709   460.0207
  9550.5  1376.552731     0.8576   467.0975
  9545.0  1376.577145     0.1546   474.2708
  9539.6  1376.601559    -0.3249   481.5417
  9534.1  1376.625973    -0.1733   488.9114
  9528.6  1376.650387     0.3760   496.3811
  9523.1  1376.674801    -0.0075   503.9519
  9517.6  1376.699215    -1.2458   511.6251
  9512.1  1376.723629    -0.6472   519.4018
  9506.6  1376.748043     0.1780   527.2833
  9501.2  1376.772457    -0.5680   535.2708
  9495.7  1376.796872    -1.6308   543.3656
  9490.2  1376.821286    -0.9087   551.5689
  9484.7  1376.845700     0.4026   559.8819
  9479.2  1376.870114     0.3780   568.3060
  9473.7  1376.894528     1.1408   576.8424
  9468.3  1376.918942     0.7795   585.4924
  9462.8  1376.943356    -0.4944   594.2575
  9457.3  1376.967770    -0.2052   603.1388
  9451.8  1376.992184    -0.2535   612.1378
  9446.3  1377.016598    -1.8624   621.2558
  9440.8  1377.041012    -2.4341   630.4941
  9435.4  1377.065426    -0.6236   639.8543
  9429.9  1377.089840     0.9323   649.3375
  9424.4  1377.114254    -0.7550   658.9454
  9418.9  1377.138668    -3.4834   668.6793
  9413.4  1377.163082    -2.7943   678.5406
  9407.9  1377.187497    -1.8218   688.5308
  9402.5  1377.211911    -2.0659   698.6513
  9397.0  1377.236325    -1.0859   708.9037
  9391.5  1377.260739    -2.1522   719.2895
  9386.0  1377.285153    -3.3419   729.8101
  9380.5  1377.309567    -1.7608   740.4671
  9375.1  1377.333981     1.4922   751.2621
  9369.6  1377.358395     3.8655   762.1965
  9364.1  1377.382809     2.4562   773.2720
  9358.6  1377.407223    -0.7792   784.4901
  9353.1  1377.431637    -2.6470   795.8525
  9347.7  1377.456051    -2.4122   807.3608
  9342.2  1377.480465    -2.3389   819.0165
  9336.7  1377.504879    -1.8227   830.8214
  9331.2  1377.529293     0.2075   842.7771
  9325.8  1377.553707     0.6988   854.8853
  9320.3  1377.578122     0.3100   867.1477
  9314.8  1377.602536     0.9858   879.5660
  9309.3  1377.626950     2.6482   892.1420
  9303.8  1377.651364     3.8294   904.8773
  9298.4  1377.675778     3.7178   917.7737
  9292.9  1377.700192     3.5093   930.8331
  9287.4  1377.724606     2.8297   944.0572
  9281.9  1377.749020     0.6545   957.4478
  9276.5  1377.773434     0.9616   971.0068
  9271.0  1377.797848     2.3758   984.7360
  9265.5  1377.822262     0.4022   998.6373
  9260.0  1377.846676     0.5676  1012.7125
  9254.5  1377.871090     2.1147  1026.9635
  9249.1  1377.895504    -1.5461  1041.3924
  9243.6  1377.919918    -4.3506  1056.0009
  9238.1  1377.944332    -3.7894  1070.7911
  9232.6  1377.968747    -2.5871  1085.7649
  9227.2  1377.993161     0.0179  1100.9243
  9221.7  1378.017575     0.8936  1116.2714
  9216.2  1378.041989     0.2398  1131.8081
  9210.7  1378.066403     1.4906  1147.5365
  9205.3  1378.090817     2.5580  1163.4587
  9199.8  1378.115231     2.2746  1179.5767
  9194.3  1378.139645     2.6679  1195.8927
  9188.9  1378.164059     2.8102  1212.4088
  9183.4  1378.188473    -0.8747  1229.1270
  9177.9  1378.212887    -4.0543  1246.0497
  9172.4  1378.237301    -1.9637  1263.1789
  9167.0  1378.261715    -1.8462  1280.5168
  9161.5  1378.286129    -4.1065  1298.0657
  9156.0  1378.310543    -4.0928  1315.8279
  9150.5  1378.334957    -1.8625  1333.8055
  9145.1  1378.359372     0.1882  1352.0009
  9139.6  1378.383786     0.8613  1370.4164
  9134.1  1378.408200     1.0073  1389.0542
  9128.7  1378.432614     0.4008  1407.9168
  9123.2  1378.457028     1.2715  1427.0065
  9117.7  1378.481442     1.7883  1446.3256
  9112.2  1378.505856     0.3550  1465.8767
  9106.8  1378.530270     0.6320  1485.6621
  9101.3  1378.554684    -0.2998  1505.6843
  9095.8  1378.579098    -1.2852  1525.9457
  9090.4  1378.603512     2.0140  1546.4489
  9084.9  1378.627926     3.5915  1567.1963
  9079.4  1378.652340     0.1731  1588.1906
  9073.9  1378.676754    -0.8182  1609.4343
  9068.5  1378.701168     2.1398  1630.9299
  9063.0  1378.725582     3.1853  1652.6800
  9057.5  1378.749997     1.6551  1674.6874
  9052.1  1378.774411     0.5837  1696.9547
  9046.6  1378.798825     1.6723  1719.4845
  9041.1  1378.823239     1.8733  1742.2796
  9035.7  1378.847653     2.3100  1765.3426
  9030.2  1378.872067     3.0233  1788.6763
  9024.7  1378.896481     1.9901  1812.2836
  9019.3  1378.920895     0.1997  1836.1672
  9013.8  1378.945309    -2.2630  1860.3299
  9008.3  1378.969723    -2.7855  1884.7746
  9002.9  1378.994137    -1.9842  1909.5041
  8997.4  1379.018551    -1.6132  1934.5214
  8991.9  1379.042965    -0.6935  1959.8293
  8986.5  1379.067379    -0.4658  1985.4309
  8981.0  1379.091793    -0.4731  2011.3292
  8975.5  1379.116207     0.9531  2037.5270
  8970.1  1379.140622     0.2818  2064.0274
  8964.6  1379.165036    -1.8094  2090.8336
  8959.1  1379.189450    -1.5389  2117.9485
  8953.7  1379.213864    -1.7803  2145.3753
  8948.2  1379.238278    -2.6214  2173.1172
  8942.7  1379.262692    -1.6634  2201.1772
  8937.3  1379.287106    -1.7299  2229.5585
  8931.8  1379.311520    -1.9183  2258.2645
  8926.3  1379.335934    -0.0830  2287.2983
  8920.9  1379.360348    -0.0446  2316.6632
  8915.4  1379.384762     0.9092  2346.3625
  8910.0  1379.409176     3.6288  2376.3995
  8904.5  1379.433590     3.9555  2406.7776
  8899.0  1379.458004     1.2193  2437.5002
  8893.6  1379.482418    -1.2125  2468.5706
  8888.1  1379.506832    -0.8468  2499.9924
  8882.6  1379.531247     0.5294  2531.7690
  8877.2  1379.555661     0.3694  2563.9039
  8871.7  1379.580075    -2.1891  2596.4006
  8866.2  1379.604489    -4.2298  2629.2627
  8860.8  1379.628903    -3.7740  2662.4938
  8855.3  1379.653317    -3.8185  2696.0975
  8849.9  1379.677731    -5.1825  2730.0774
  8844.4  1379.702145    -5.1431  2764.4373
  8838.9  1379.726559    -1.8259  2799.1808
  8833.5  1379.750973     3.0619  2834.3118
  8828.0  1379.775387     2.0922  2869.8339
  8822.6  1379.799801    -2.0647  2905.7510
  8817.1  1379.824215    -1.2311  2942.0669
  8811.6  1379.848629     1.9016  2978.7855
  8806.2  1379.873043     3.6592  3015.9107
  8800.7  1379.897457     3.5164  3053.4464
  8795.3  1379.921872     1.9204  3091.3966
  8789.8  1379.946286     0.6840  3129.7653
  8784.3  1379.970700     1.4141  3168.5566
  8778.9  1379.995114    -1.5808  3207.7745
  8773.4  1380.019528    -3.7864  3247.4230
  8768.0  1380.043942    -1.8595  3287.5065
  8762.5  1380.068356     0.2043  3328.0289
  8757.0  1380.092770     0.4555  3368.9945
  8751.6  1380.117184    -0.1906  3410.4076
  8746.1  1380.141598     0.4009  3452.2725
  8740.7  1380.166012     1.8086  3494.5933
  8735.2  1380.190426     3.6989  3537.3746
  8729.8  1380.214840     4.2706  3580.6206
  8724.3  1380.239254     1.6983  3624.3357
  8718.8  1380.263668    -0.8112  3668.5245
  8713.4  1380.288082    -1.9134  3713.1914
  8707.9  1380.312497    -1.6910  3758.3410
  8702.5  1380.336911     0.9905  3803.9777
  8697.0  1380.361325     4.3866  3850.1062
  8691.6  1380.385739     2.8385  3896.7312
  8686.1  1380.410153    -1.2928  3943.8572
  8680.6  1380.434567    -3.9313  3991.4891
  8675.2  1380.458981    -4.8818  4039.6315
  8669.7  1380.483395    -1.9900  4088.2892
  8664.3  1380.507809     0.4745  4137.4671
  8658.8  1380.532223     0.5997  4187.1700
  8653.4  1380.556637    -0.2444  4237.4029
  8647.9  1380.581051    -0.1842  4288.1706
  8642.5  1380.605465     1.8092  4339.4782
  8637.0  1380.629879     1.9096  4391.3307
  8631.6  1380.654293     3.3281  4443.7330
  8626.1  1380.678707     3.4517  4496.6904
  8620.6  1380.703122    -0.1430  4550.2080
  8615.2  1380.727536    -2.2674  4604.2910
  8609.7  1380.751950    -1.5234  4658.9445
  8604.3  1380.776364    -0.4787  4714.1738
  8598.8  1380.800778    -0.8601  4769.9843
  8593.4  1380.825192    -0.5286  4826.3813
  8587.9  1380.849606     1.1888  4883.3702
  8582.5  1380.874020     0.1349  4940.9564
  8577.0  1380.898434    -3.7743  4999.1454
  8571.6  1380.922848    -2.3467  5057.9427
  8566.1  1380.947262     2.2018  5117.3538
  8560.7  1380.971676     2.3865  5177.3845
  8555.2  1380.996090    -0.1391  5238.0403
  8549.8  1381.020504     1.2658  5299.3269
  8544.3  1381.044918     2.8991  5361.2501
  8538.9  1381.069332    -0.3259  5423.8156
  8533.4  1381.093747    -2.8495  5487.0293
  8528.0  1381.118161    -1.4554  5550.8970
  8522.5  1381.142575     0.1085  5615.4247
  8517.1  1381.166989     1.2528  5680.6183
  8511.6  1381.191403     0.7739  5746.4838
  8506.2  1381.215817    -0.1356  5813.0274
  8500.7  1381.240231    -2.4426  5880.2550
  8495.3  1381.264645     1.6012  5948.1729
  8489.8  1381.289059     7.0779  6016.7873
  8484.4  1381.313473     2.4485  6086.1043
  8478.9  1381.337887    -0.4672  6156.1304
  8473.5  1381.362301     1.0995  6226.8717
  8468.0  1381.386715     3.2504  6298.3348
  8462.6  1381.411129     2.8908  6370.5261
  8457.1  1381.435543     1.4315  6443.4520
  8451.7  1381.459957     2.5244  6517.1191
  8446.2  1381.484372     2.2127  6591.5340
  8440.8  1381.508786    -1.2621  6666.7033
  8435.3  1381.533200    -3.2364  6742.6337
  8429.9  1381.557614    -1.7179  6819.3320
  8424.4  1381.582028     0.5421  6896.8049
  8419.0  1381.606442     1.6653  6975.0592
  8413.6  1381.630856    -0.0054  7054.1020
  8408.1  1381.655270    -3.0341  7133.9401
  8402.7  1381.679684    -5.2720  7214.5805
  8397.2  1381.704098    -4.4758  7296.0303
  8391.8  1381.728512    -3.3325  7378.2966
  8386.3  1381.752926    -4.5171  7461.3865
  8380.9  1381.777340    -0.8563  7545.3073
  8375.4  1381.801754     4.4234  7630.0662
  8370.0  1381.826168     4.1787  7715.6706
  8364.5  1381.850582     1.8961  7802.1277
  8359.1  1381.874997     0.6164  7889.4452
  8353.7  1381.899411     1.3300  7977.6303
  8348.2  1381.923825     1.3615  8066.6907
  8342.8  1381.948239    -0.5250  8156.6340
  8337.3  1381.972653    -4.4754  8247.4679
  8331.9  1381.997067    -7.4795  8339.2000
  8326.4  1382.021481    -6.4311  8431.8380
  8321.0  1382.045895    -3.5545  8525.3900
  8315.6  1382.070309    -0.1630  8619.8636
  8310.1  1382.094723     2.8275  8715.2669
  8304.7  1382.119137     1.9360  8811.6079
  8299.2  1382.143551    -1.6462  8908.8946
  8293.8  1382.167965    -3.0982  9007.1352
  8288.3  1382.192379    -1.8364  9106.3377
  8282.9  1382.216793     0.5695  9206.5106
  8277.5  1382.241207     3.4273  9307.6620
  8272.0  1382.265622     3.9768  9409.8003
  8266.6  1382.290036     2.2601  9512.9340
  8261.1  1382.314450    -1.5200  9617.0715
  8255.7  1382.338864    -3.2888  9722.2214
  8250.3  1382.363278     0.0026  9828.3922
  8244.8  1382.387692     2.2285  9935.5927
  8239.4  1382.412106     3.0381 10043.8316
  8233.9  1382.436520     4.4815 10153.1177
  8228.5  1382.460934     3.0945 10263.4598
  8223.1  1382.485348     0.1134 10374.8668
  8217.6  1382.509762    -2.3183 10487.3479
  8212.2  1382.534176    -1.4578 10600.9119
  8206.7  1382.558590     1.6122 10715.5680
  8201.3  1382.583004     1.6752 10831.3255
  8195.9  1382.607418    -0.4951 10948.1935
  8190.4  1382.631832    -1.3034 11066.1814
  8185.0  1382.656247    -2.3981 11185.2986
  8179.5  1382.680661    -3.1354 11305.5544
  8174.1  1382.705075    -2.4790 11426.9585
  8168.7  1382.729489    -5.0437 11549.5205
  8163.2  1382.753903    -3.4286 11673.2499
  8157.8  1382.778317     2.6115 11798.1565
  8152.4  1382.802731     4.7297 11924.2501
  8146.9  1382.827145     3.3865 12051.5405
  8141.5  1382.851559     0.3830 12180.0378
  8136.0  1382.875973    -1.3575 12309.7518
  8130.6  1382.900387    -2.7140 12440.6927
  8125.2  1382.924801    -2.7592 12572.8707
  8119.7  1382.949215     0.4754 12706.2958
  8114.3  1382.973629     1.1217 12840.9785
  8108.9  1382.998043    -1.0051 12976.9291
  8103.4  1383.022457    -2.0700 13114.1580
  8098.0  1383.046872    -2.0280 13252.6757
  8092.6  1383.071286     1.1347 13392.4929
  8087.1  1383.095700     3.7732 13533.6201
  8081.7  1383.120114     1.5544 13676.0682
  8076.3  1383.144528     0.0689 13819.8479
  8070.8  1383.168942     0.3479 13964.9700
  8065.4  1383.193356     1.4330 14111.4457
  8060.0  1383.217770     2.0563 14259.2858
  8054.5  1383.242184     0.6047 14408.5015
  8049.1  1383.266598    -1.4250 14559.1041
  8043.7  1383.291012    -1.5610 14711.1047
  8038.2  1383.315426     0.2655 14864.5147
  8032.8  1383.339840     1.6707 15019.3456
  8027.4  1383.364254     1.5945 15175.6088
  8021.9  1383.388668     1.0729 15333.3159
  8016.5  1383.413082    -0.4841 15492.4786
  8011.1  1383.437497    -0.2314 15653.1087
  8005.6  1383.461911    -0.0518 15815.2179
  8000.2  1383.486325    -1.5733 15978.8182
  7994.8  1383.510739    -1.2428 16143.9216
  7989.3  1383.535153     0.5827 16310.5400
  7983.9  1383.559567     1.2234 16478.6858
  7978.5  1383.583981     0.1341 16648.3711
  7973.0  1383.608395    -0.4252 16819.6082
  7967.6  1383.632809    -0.5112 16992.4096
  7962.2  1383.657223    -2.6537 17166.7878
  7956.8  1383.681637    -2.3730 17342.7552
  7951.3  1383.706051    -1.4499 17520.3246
  7945.9  1383.730465    -0.1799 17699.5087
  7940.5  1383.754879     1.0718 17880.3204
  7935.0  1383.779293    -0.0951 18062.7726
  7929.6  1383.803707    -2.1302 18246.8783
  7924.2  1383.828122    -4.2282 18432.6505
  7918.7  1383.852536    -4.7614 18620.1026
  7913.3  1383.876950    -1.8749 18809.2476
  7907.9  1383.901364     2.9558 19000.0991
  7902.5  1383.925778     3.7057 19192.6704
  7897.0  1383.950192     0.2691 19386.9752
  7891.6  1383.974606    -1.1662 19583.0270
  7886.2  1383.999020    -0.9816 19780.8395
  7880.8  1384.023434    -1.1761 19980.4267
  7875.3  1384.047848    -2.3379 20181.8024
  7869.9  1384.072262    -3.7474 20384.9805
  7864.5  1384.096676    -2.4178 20589.9753
  7859.0  1384.121090    -0.1268 20796.8009
  7853.6  1384.145504    -0.6890 21005.4716
  7848.2  1384.169918    -0.7265 21216.0018
  7842.8  1384.194332     4.1703 21428.4059
  7837.3  1384.218747     7.4722 21642.6986
  7831.9  1384.243161     4.9740 21858.8944
  7826.5  1384.267575     2.9577 22077.0082
  7821.1  1384.291989     0.8258 22297.0549
  7815.6  1384.316403    -1.9352 22519.0494
  7810.2  1384.340817    -3.2417 22743.0067
  7804.8  1384.365231    -2.9997 22968.9421
  7799.4  1384.389645    -0.0745 23196.8708
  7793.9  1384.414059     2.4497 23426.8081
  7788.5  1384.438473     3.0270 23658.7696
  7783.1  1384.462887     5.3349 23892.7707
  7777.7  1384.487301     7.1850 24128.8273
  7772.2  1384.511715     5.2137 24366.9549
  7766.8  1384.536129    -0.1335 24607.1696
  7761.4  1384.560543    -4.1520 24849.4873
  7756.0  1384.584957    -3.3018 25093.9240
  7750.6  1384.609372     0.3151 25340.4960
  7745.1  1384.633786     1.5395 25589.2196
  7739.7  1384.658200     0.8250 25840.1112
  7734.3  1384.682614    -0.5730 26093.1872
  7728.9  1384.707028    -2.5793 26348.4643
  7723.4  1384.731442    -1.5295 26605.9592
  7718.0  1384.755856     1.0475 26865.6887
  7712.6  1384.780270     2.1346 27127.6698
  7707.2  1384.804684     2.4572 27391.9195
  7701.8  1384.829098     1.0183 27658.4550
  7696.3  1384.853512    -2.2384 27927.2936
  7690.9  1384.877926    -5.0425 28198.4526
  7685.5  1384.902340    -5.3541 28471.9495
  7680.1  1384.926754    -2.5770 28747.8019
  7674.7  1384.951168     0.3954 29026.0276
  7669.2  1384.975582     0.3125 29306.6444
  7663.8  1384.999997     1.2156 29589.6702
  7658.4  1385.024411     5.4635 29875.1231
  7653.0  1385.048825     5.0875 30163.0213
  7647.6  1385.073239    -0.1587 30453.3830
  7642.1  1385.097653    -2.4419 30746.2267
  7636.7  1385.122067    -0.8742 31041.5708
  7631.3  1385.146481     1.9539 31339.4342
  7625.9  1385.170895     2.7026 31639.8354
  7620.5  1385.195309     0.4108 31942.7934
  7615.0  1385.219723    -1.3440 32248.3272
  7609.6  1385.244137     0.1832 32556.4559
  7604.2  1385.268551     2.4848 32867.1988
  7598.8  1385.292965     1.4685 33180.5751
  7593.4  1385.317379     0.4197 33496.6045
  7588.0  1385.341793     1.8103 33815.3065
  7582.5  1385.366207     2.1386 34136.7009
  7577.1  1385.390622     0.7130 34460.8074
  7571.7  1385.415036    -2.3293 34787.6462
  7566.3  1385.439450    -3.5627 35117.2372
  7560.9  1385.463864    -0.2639 35449.6008
  7555.5  1385.488278     2.1401 35784.7572
  7550.0  1385.512692     1.8313 36122.7271
  7544.6  1385.537106     1.4955 36463.5310
  7539.2  1385.561520     0.5766 36807.1896
  7533.8  1385.585934     0.0625 37153.7238
  7528.4  1385.610348    -0.0567 37503.1546
  7523.0  1385.634762    -0.2170 37855.5032
  7517.6  1385.659176     1.2584 38210.7908
  7512.1  1385.683590     0.1520 38569.0389
  7506.7  1385.708004    -3.8171 38930.2689
  7501.3  1385.732418    -2.6079 39294.5025
  7495.9  1385.756832     2.3806 39661.7616
  7490.5  1385.781247     4.4939 40032.0680
  7485.1  1385.805661     2.4216 40405.4439
  7479.7  1385.830075    -0.3695 40781.9113
  7474.2  1385.854489    -2.4060 41161.4928
  7468.8  1385.878903    -2.5362 41544.2107
  7463.4  1385.903317     0.1991 41930.0876
  7458.0  1385.927731     1.6426 42319.1464
  7452.6  1385.952145     1.6446 42711.4100
  7447.2  1385.976559     2.1756 43106.9012
  7441.8  1386.000973     2.0454 43505.6435
  7436.4  1386.025387     0.6819 43907.6599
  7430.9  1386.049801    -1.0359 44312.9741
  7425.5  1386.074215    -2.4648 44721.6097
  7420.1  1386.098629    -4.8611 45133.5903
  7414.7  1386.123043    -6.7011 45548.9398
  7409.3  1386.147457    -4.5026 45967.6824
  7403.9  1386.171872    -0.8510 46389.8422
  7398.5  1386.196286    -1.6101 46815.4435
  7393.1  1386.220700    -2.2767 47244.5107
  7387.7  1386.245114     1.7909 47677.0687
  7382.2  1386.269528     1.7926 48113.1420
  7376.8  1386.293942    -1.0393 48552.7557
  7371.4  1386.318356    -0.9324 48995.9347
  7366.0  1386.342770    -1.7026 49442.7044
  7360.6  1386.367184    -2.1217 49893.0901
  7355.2  1386.391598    -2.7469 50347.1174
  7349.8  1386.416012    -3.1899 50804.8119
  7344.4  1386.440426    -0.1631 51266.1995
  7339.0  1386.464840     0.5448 51731.3061
  7333.6  1386.489254    -0.0201 52200.1579
  7328.2  1386.513668     0.7311 52672.7813
  7322.8  1386.538082     0.0469 53149.2027
  7317.3  1386.562497     0.9874 53629.4486
  7311.9  1386.586911     1.3307 54113.5460
  7306.5  1386.611325    -0.1682 54601.5217
  7301.1  1386.635739    -0.2598 55093.4028
  7295.7  1386.660153    -0.7052 55589.2166
  7290.3  1386.684567     0.3025 56088.9905
  7284.9  1386.708981     0.2945 56592.7521
  7279.5  1386.733395    -0.0858 57100.5292
  7274.1  1386.757809     1.8954 57612.3496
  7268.7  1386.782223     2.9241 58128.2415
  7263.3  1386.806637     2.0636 58648.2330
  7257.9  1386.831051    -0.1784 59172.3527
  7252.5  1386.855465    -1.0677 59700.6290
  7247.1  1386.879879    -0.3204 60233.0908
  7241.7  1386.904293     0.3693 60769.7669
  7236.3  1386.928707     3.0093 61310.6864
  7230.8  1386.953122     3.3704 61855.8786
  7225.4  1386.977536    -0.2652 62405.3729
  7220.0  1387.001950    -1.8286 62959.1989
  7214.6  1387.026364    -0.4685 63517.3865
  7209.2  1387.050778    -0.0740 64079.9654
  7203.8  1387.075192    -0.7484 64646.9659
  7198.4  1387.099606     0.9072 65218.4182
